630253005
217441590
324531068
525378972
9855085
732907996
311417284
331219188
733024996
99914158
348220670
842905084
861040729
303217700
314024397
921988411
18245487
962405524
747230494
599725143
229725387
535468140
186177432
1018890913
106890813
962761768
150813626
10238068
583601760
509356749
31312218
147814529
281554318
477549993
4702383
25771405
608107080
195971319
582207471
10758552
3767952
204616905
1649030
15275171
84985082
184103480
345125243
493346352
377362337
840729727
148539361
72572274
83529969
75063811
121708922
26057743
112224628
433589484
43370548
1038445597
274254108
745519675
443950611
45598837
526726416
634374480
54479107
607205031
819670534
68715998
18594680
374261675
17603266
427999
10802529
2495919
83277618
23951437
99008
23477626
1006242802
14531009
8452134
2190401
28418842
387546416
833208370
79723180
944915419
961493131
1030507450
285086028
289342104
118860658
455761497
80025270
56633283
220717807
21301209
890921398
1007630740
69495898
338583
51239523
142105854
376046318
252088355
295766891
1023984769
923689984
995682871
144721255
824422621
318482438
62220814
838382887
212643353
838323787
133646293
163991259
1268862
158439903
62484491
4993920
15079661
20007319
251707895
70908282
14520673
177736945
19252023
68515
48421686
830729737
18780390
828682924
101312044
144263339
674905847
101768616
17949540
125999553
225675436
599232756
700166945
1448991
813082876
514745913
100605233
872453701
704831905
372284864
1023611767
317763779
947113846
71180310
1003295896
574405968
378147863
820384885
1046853877
1046851447
6969824
1026907774
274623037
1046854702
1046754325
1045130113
63300246
612266832
1031180827
278552972
21931663
433025862
69244256
830468146
297125971
1567120
32625393
80588543
1499515
14014977
557007891
42984328
37544715
10878872
3528180
16161679
234561861
334535459
690658565
306159989
734865472
808398
143717076
959200633
474568065
97125681
407692290
894482785
231916775
574078455
497618937
315596869
159142211
909658033
14168495
10958157
65914246
450856584
270614338
459880035
165028198
205615220
213880402
27494943
187357529
218972282
231255303
952988011
479162532
2996204
892605
736535581
31524382
2903932
1039636918
93099
15768942
45210235
58902448
720006205
465748062
170389909
125673521
107935298
830659714
208894062
856187902
204544762
589397751
28393836
607601934
104274391
1031738464
100058113
314095949
33841166
96925597
300734831
157375433
1000708633
181257529
54869033
294685983
208874
808206154
434951781
346386776
318348605
114362015
53811920
3971992
90730831
117583159
759131683
523496169
140016384
814464088
4127855
141030093
330273311
141025569
519210438
12218334
11489475
301904
332291803
5501103
386529572
585034569
179321581
152330622
1410762
8096417
2563200
1912387
15820339
3412071
340854313
115975764
227572643
5807211
164950805
8834347
741954523
8965575
598007010
303013581
149052641
857073889
4360546
4141700
248657745
364635827
211214202
57054900
10474270
1271874
5415028
168577817
1662077
26842482
329497975
47640712
455103609
47650121
610746
151975382
40227169
976036504
985372132
469299879
950112145
283085216
39803673
161889696
101235941
114079
4431733
5013127
1250904
11067219
8080
9843379
175766
296466717
212103979
115769605
262829449
137360050
126224205
229861649
116667589
15534439
289986434
803215351
306049641
301211487
659305308
2570752
326827368
1016914474
650157897
101302790
144868900
191789499
306630502
2901861
1284906
1117592
421873
604286
3355313
2976616
7224630
203812859
59817373
47015086
79914886
18787329
72839776
1105887
133193843
66091788
172420066
175329014
1007031
330077030
74646028
255139970
22193024
151938620
401680665
44040834
74812477
265512045
164535085
110841279
165986000
72048439
201260905
13216015
427163013
530634273
316064975
853362763
842240038
280824897
86047590
419788
597542220
267915234
4287971
4075110
1695368
119795031
154852846
167396179
182917324
71579878
195876540
75342928
748098970
98626244
4088409
22810499
177635573
169045737
3110419
393147900
143382479
330414396
254897639
10724661
224310277
718622102
808783306
36687271
145449879
165653784
33000981
256658536
13745062
275526828
203055403
212828373
786474853
315037601
100635997
14175331
1026177298
286144691
363500906
30854947
73642105
750220798
46186
898777840
820340533
310885347
158862503
203415743
752705
615604647
914653456
161701149
307448574
758070
100593324
3802686
325533669
21505119
293374056
150171348
290287152
27604052
229083972
189894435
73374850
832671220
557836878
877313590
386388551
229235095
188836
150531328
141883869
107830230
207562750
213129041
247021914
144653644
10433576
131062004
449650788
294349719
204204863
3475759
23809013
102604802
67833616
86736060
201534775
197417397
180366523
1490694
184135136
657261
5042148
7551714
85326995
1045850836
27582146
23288780
280987935
246057646
148640196
3620929
58207447
713095123
292622450
295223054
54867601
300725717
645100872
1272031
104201866
10901654
54628154
100524690
129821
21770836
8951732
68228958
62201440
993504160
325376400
511047858
84471518
83368441
7222989
465075990
431687649
86294301
163476454
760599112
177117012
849929071
776718013
790079122
779256607
49192997
19129192
549647682
64137195
542186
488287
174665
113683412
7438611
916444
11615518
359021327
71153910
296476120
356993144
193693582
1553019
31531684
92927808
8534268
309863
17496611
11003317
163050041
5569696
530825820
28756589
818134
52999116
5275024
330784636
263852821
117365965
103470313
209471865
24877434
5009707
45483612
42142780
2937497
168977351
25190628
1303856
3780304
141447495
156134906
946247
350238
98756788
379822922
4910299
148901039
20474213
37394246
193
76827586
73716958
71988679
147992860
8093762
177502807
183304335
246935
218055553
82493000
14270558
966691099
20510390
146420259
912693907
72279585
177965115
3660530
290104079
35044001
90899954
19477920
67306928
30806948
71523705
20632446
436
112960
231677
131903
77480
43306
1450366
93792
82227526
3995293
44874470
498426177
47820740
127941061
46930961
137148280
148480722
140349423
189895302
156809547
191714404
20927269
806324788
158235005
241149
1904409
307878025
6994876
236807935
756513841
94059893
62770702
7861090
266123609
507582171
100941429
452163795
616233375
608024562
201255269
7784070
24701530
3168726
9171353
2787529
425094396
487285788
680852348
294273258
404005503
4011362
586624617
610077
83521467
266699199
993804178
508483203
510722982
982468828
483334986
150225290
19172899
10358538
42791491
306499281
288914467
37654750
766135732
555839004
103489996
245128188
9929879
35228969
67527478
6562420
575292459
5722787
540189054
956758441
985048519
200021376
935458825
57511881
484901946
51688071
16806867
50918049
108916437
206868185
185385892
21762541
15142026
41691771
90966505
1028303968
1078113
721073080
912889336
483165420
297478787
309217283
254048031
52204169
194132479
689746304
102435699
701700047
27359474
65573993
616183509
274772
417509118
567991422
1017358915
249653632
182013524
52019567
20772533
893883
389029920
4402819
752296552
456801519
39501651
247912373
223241674
122334299
274346177
154284396
70212237
144254278
37140970
2187115
858457342
260059154
8369031
8213430
94374
333878815
3607733
277309905
212580072
897520043
438179505
686780813
300876902
46729985
678946529
164398273
3787925
2785663
725700976
11506019
66581607
162199004
6373139
230308287
992975845
864078397
816634942
24861237
170458188
5198977
415109118
148696447
247031683
86098174
479352
1042109443
10640299
1019597194
904957528
1296557
26818520
749335891
12880867
272554495
40159516
131436871
124103716
385729871
78707508
241539717
956881543
103235250
336199885
87187738
37005923
274178536
235453550
305539146
477719007
340500205
185159987
130015497
173882084
217531017
220219942
217531854
217529170
188541770
176283428
176282091
26817929
185489836
41668056
205888279
303987779
66773667
859442713
156437546
2989896
76470623
267619916
653664336
159035117
786976585
180049703
132342426
817284193
31557379
628674135
494974323
807776590
804458083
154550485
107947476
355854389
104121812
1043339011
62388074
318179825
244892785
876354757
1019385157
212553228
321623630
265985960
927168301
948650392
54293008
668897801
376301291
762870595
1021470454
203268005
993529072
249289418
854335861
411893
32033337
248680215
327348390
1032231109
155660653
564497196
933856903
291711336
974092471
480282072
924370
982794553
927520813
31132510
854452042
156760980
30641710
664443195
717197431
471477081
555097140
58064254
260558667
666040181
855875599
329155675
946083259
2492807
18825821
940944472
6306315
29989882
624524112
7533219
112554881
150859227
11315169
75980547
144543933
24479828
78344469
87287669
131431899
40842354
220636551
28898954
170418364
115022524
137068858
108653717
219801656
134390436
5328746
9702642
13129958
23791326
827384587
231810192
197603266
464468811
318553970
713849746
526419402
195314287
202400468
1602897
4873876
206473761
3811323
51015215
801549
10743701
155238459
3145476
135493147
71266606
5258853
131155001
2307135
321561540
37523547
328163585
32705821
239919382
3804887
95031122
7081220
15927422
160549438
492226758
156742469
549111264
6082248
31758160
63617641
7734197
14479691
148501881
203937067
205015297
126176881
32503304
8139697
41691970
205000014
569972175
302229472
37608801
338521028
61996833
40207286
14098683
10661002
122819169
190764251
40038879
708971
93235392
7237132
3810097
10588665
38279848
8057671
145793763
324536
18850435
9910169
113062281
479247714
111298433
7808433
111659691
124164857
294742838
392070108
136856733
207346471
284970834
408283455
147901886
300042942
370859114
30020881
425387211
160573815
908792704
512396781
768509641
369771815
8254987
104944990
894547429
40273614
60135813
57523566
395313762
41555733
23311122
231519473
205998545
76039799
127362443
876584197
1004766430
1776086
170729463
635704824
105504173
325001510
324894106
283573550
10255281
435981051
55626396
245454366
1031237116
7144357
205185
4061207
345775
696473523
589192
2395988
799800586
79422349
163059
406376667
7562900
15800807
4271396
212524
259631441
52919212
497928936
5491714
14713300
21841190
156341367
4076259
78338755
345852
30019855
825661651
2983999
16348791
437007291
11511654
355462
36417123
357817760
791757025
453127653
112753722
70847422
434809146
36580148
156158253
161975080
69308748
161978686
258066937
143042926
54201466
217770491
658404990
960869203
76829905
23453987
51506421
130071768
44859161
30049192
192382034
2897102
58879381
1009399927
165371949
86548911
267856361
557951616
144716454
45304256
431242599
259466267
174047535
243917408
336999740
723017035
77185265
42199591
239789475
3369551
127433592
271110012
9591914
197719079
2879985
40974574
39984179
222547290
16617458
182929480
1254772
306632470
45840084
52692564
8798460
430169670
148161100
1578091
112649309
53294174
141186922
285078707
420100209
420873048
260407166
846631
298322085
226855551
203361253
286983870
55110111
1861068
1326413
3574420
1185034
141620911
35294223
122967615
7925858
268141441
171522034
503205114
803836078
828745564
779878636
423620760
479092815
595176567
568494648
19340629
204717
113990973
1766112
119209093
901777378
566956047
258202059
405526620
123890642
69583381
114886850
47188
558122394
71479508
245521848
145452079
8024146
860075581
20515056
266552885
5229778
5344266
99371907
331546996
964541374
201513062
154024293
97137082
3713533
16423181
623970987
37391225
334953923
24664918
36285328
418523265
75110564
20344284
773566648
56860590
16421688
6016611
351900161
256521289
81124581
16069159
46143974
489246906
327691656
179183167
77666454
670314749
246411876
48084634
34738457
215427134
308107287
147075414
187377521
236192442
235389961
160769
3022948
18693253
174817271
790724086
166514
36783478
68442
157193072
1381451
945242302
212024702
896093662
946175080
208025200
12036905
94264895
114303077
207050024
763173766
111036368
2799281
4236477
848001175
348696668
790958038
664059579
617087508
294471816
219695746
89178862
230961836
134343548
338011233
266107559
111402
1146848
1038642535
55098970
1034919955
245903902
299561387
1007291716
1004041618
212481105
990028132
9012386
532498929
830921500
1006037329
1205130
282783405
371109650
888412828
981919900
1019309959
245524250
686571935
289765708
279091233
725928610
183868925
81006280
70533565
184512166
128178923
315192020
205854877
245290661
78664183
244909550
8260683
296250451
11155755
651974325
27100203
777381061
156703653
568104204
836694427
226563019
154794292
654118932
341662099
739299619
637656453
630336840
571596099
182051867
621830049
622239249
596329341
597010128
624668409
174211232
1809253
158829144
74669376
244605545
94358610
1149787
35479090
360782528
133550136
607039
1036179259
69745433
8983540
223554810
2839080
2630215
666568535
5211335
704028962
299823274
290777557
256086898
122681220
61102704
99685284
505125
225672552
18598063
862384471
258311733
4888188
514875726
341116275
43020921
59126528
796291996
377427353
127001688
572277432
787866217
787865785
1039701
337872733
850037074
10422358
932529967
850537519
180994642
266350426
623217717
72509893
798645148
32286436
278409838
245065819
320243876
172298896
24957202
167742679
310305767
17926324
73395403
212436038
928019209
150070742
455116419
141273369
489963840
611153577
5597425
69088329
410206347
129729108
143619821
44036920
3081090
236737616
314084848
106553844
40351122
542429
4674488
878808553
453694845
983860324
489975174
27124455
23433070
96005780
211793852
530813127
165165172
293110552
718775922
85624496
306789592
19269910
22423381
485006076
194861539
266166275
516858234
68307253
262109935
504524676
99027460
66995564
38495690
40156276
169073450
71153821
136869591
240017221
7912751
118138486
261638525
6952826
4797891
324557483
21423582
189078528
1065852
5834145
7811586
399884178
1207292
122956334
19506990
223510065
141640712
247955
7941708
7518068
7871599
10714549
44427679
890433
21142814
82198429
70985405
29257546
9926945
337104055
73201649
465443502
507292263
239966583
41538551
13819355
501315873
54670003
19585969
403352664
991691152
318706702
2235335
298795427
950942905
1030317409
208372318
305396551
696854787
279644185
161433401
900782839
770034289
3147157
4302140
935065360
1059722
322497341
726432601
855864202
999776560
861513367
311867975
318375226
5333859
765703417
308815457
992587669
111346545
861438973
996860335
265189507
2783878
780168289
900378994
565218522
381857330
915807
981593185
95646112
319196934
921791104
245460474
22316604
1005748027
140018064
1015469914
143765717
515550534
108743874
149678834
237161329
458186124
181309342
160633991
156973884
440496918
970208938
890314207
852096820
592127544
548516685
967825327
999084142
740769811
262071367
2160297
3017258
408650910
605631435
197918769
161952650
224236746
82705402
93853347
50934683
81403831
51196829
172538540
266657514
634285224
7525991
782215066
9237187
321102782
875717353
363530624
40927496
791434594
155727558
1038038080
203169983
168989246
26008958
69299028
888642415
299814700
232132128
281045738
609272109
308193611
173476
110201715
671624930
189503097
211893720
65720632
153449234
2054131
323040742
212765248
271708370
977915227
268393846
2318225
56003089
383445566
185882549
17565450
597772461
498059799
428238321
171719658
442605075
1025534701
1689066
983156917
914609395
258509163
787628317
975184060
76872140
941385013
16730
151461732
119327557
112731990
240019187
555271200
464332854
331690369
814901041
105662916
237317657
193440419
77284535
459865326
735022495
48446184
139375951
191871337
32167551
726094177
176338559
767256145
608395572
104777246
884076802
772608325
706616539
275109560
888147577
189468814
915987934
6548941
84299167
818120338
55967206
12248010
89936967
586999878
7784589
239525596
58258302
234365022
252605690
1514292
857010697
1330715
792428548
318825585
269202953
575927394
205329652
645343362
842790889
428212725
266568959
683629349
781956127
369120662
235550410
869016139
866673100
156585108
550218558
230996464
815098729
251706006
118920053
266331612
627788697
781984054
492234051
13286977
106553493
234020200
9555367
180871158
653738
134202679
446976
4817975
106578841
345785342
24275481
50980667
46076915
211054031
29479381
922413
106936
317141780
1762626
1217697
272114506
183831176
779143
1234970
300990165
710483
314230079
276568352
191994889
175586692
286097345
213156246
9471022
165472102
9212910
458214753
208565770
643168653
7648904
116813365
70971925
12618420
5334840
59309633
21843731
160164194
2759
348582542
247946909
85176273
613063608
136389975
27637376
95684530
21707916
273749641
3410352
10518888
62638013
362940
188998
3984502
9494601
3945382
2485630
3829131
64198517
118512281
800931850
60065021
283953420
455021811
59236144
27218273
29374538
584625903
21698357
671377013
290758372
611584797
609090999
493378578
84600856
42001061
119771205
331235408
144342200
102974683
71085078
33226
52251
109468177
4790407
42709383
1050906
107219
242967968
91459274
2367984
46200903
504296493
437880711
125547734
586907874
217996377
308139593
54769228
139688900
537292359
537309795
300551278
151167500
53328664
31322934
1000313
19225
232789711
220568450
458603484
590321862
635828844
729157537
654555618
482828280
294114772
647891103
932598427
10074230
2068138
5224407
94262791
16408184
28794737
1642029
147786617
825251854
291114347
765361630
389506719
51717024
749874565
658229121
246025229
202077092
198036885
522666402
182789844
937698526
193621033
225885890
125743471
35731107
20782450
596081
415319799
345511118
406544757
6037619
445598583
468544677
13639835
214027320
200621633
59994723
88637307
424395144
581672286
551177697
932045062
321256940
573361605
831861703
753272098
135371230
242853617
84799850
56213
367034048
44642124
339317157
134303674
2308646
968556172
794994322
29782548
866109427
479359593
355934393
195995188
957888802
1021524583
780306745
926238547
902620216
95885970
303023926
354013331
507531642
26136957
53056979
41278629
210734485
14301839
12223956
2728388
244434991
195988730
66129602
449007849
731941786
909992974
226481382
64780025
23445976
265457448
499686951
248235183
778778200
69720841
240888312
21411679
196317319
97018360
68861839
283481469
1455094
605236
24980742
271737169
200913032
261949795
271820344
402364179
28039352
7484287
215119165
10652159
259875672
142387979
76912814
1181568
110803581
27111815
942955819
130526858
283094
118965506
972588739
34542998
603452106
209350512
81433635
819336610
955303711
659297
295088709
49313669
708785200
29239077
145580688
143654343
452574003
872139757
169014355
302225699
5220612
34839998
12238999
212437428
36922176
207982134
24731324
41427167
958563
12148579
1021731304
7750942
830077615
258942270
160255575
997634503
851355982
720386083
797551975
584445870
343241776
407284356
646757715
186965340
572691174
198195763
64882726
643721271
272704012
785144476
229276154
3126089
9295835
652637202
915370318
316193826
49977151
6633540
48861196
213438273
5018930
25343050
160387
52481105
308945830
160825488
41079037
10186694
188490178
7399134
551783379
191798785
683045654
9072352
53841856
306761270
487291839
41905
202706918
23861514
185055516
148686122
210909677
292840871
495958368
288047326
24144360
416191851
394917552
39647654
44921928
77696825
165861014
3647950
602408685
788589877
780022213
79513864
594086
269822994
301482702
300556308
148010361
420748
274197
52452254
85622414
640067646
570312990
820049812
325564517
147669973
6345840
102253559
32014631
391449717
1369631
47904251
204656124
2308155
189471070
29495941
144485622
74987167
997599925
617546
2982138
153184
940621870
1013774695
231626
161173798
588110835
445567158
1519452
205767718
249084216
63493914
792875953
193510808
287682978
23520688
504888690
395895654
96086233
588323505
1557720
30197212
13765374
509210271
22810570
91637483
1003668718
60984481
2662464
549602
262156206
6650494
57425877
37166
523457
100431547
2415030
7947283
763247425
56234971
275424714
677204693
388593843
181303653
637643742
2709976
914261056
206714507
211022352
82787015
43579698
193531220
133467077
118331503
11955514
5432262
174413742
3238382
228107699
81756338
842308
73156839
54999468
705440
109263288
435016
38086105
2777467
38884348
47997503
91987294
58862982
59405
118319
8880243
293462082
147256789
1659545
5752238
416044668
640715205
42558117
974016361
336289514
42695087
203217114
2344258
128457
752861173
321099758
211663871
573199482
6635555
104256110
59690032
340219750
881157
173618
390050421
448504
89345553
76848699
10543958
182274818
4784203
131677880
190819994
5573
85771438
1190054
30562
426
265143
22356249
278
1903552
520592
12142485
820980094
222450355
109238591
312364167
8003251
4970661
532029504
1168037
298441255
127196261
147084261
836071888
177265552
2173779
2944361
276755801
777217210
8644386
334759292
9528799
79461578
1963028
11695690
141613754
40642987
419581227
559956000
9081091
6902769
2473151
146393
54873845
1020881977
330485781
309854982
6357027
762725251
966323773
116241347
22301541
256188063
130371503
925651579
846589003
993602473
10038293
155915459
36996515
1492510
311600501
3775705
100349215
10622123
150522449
743777581
1215251
99986079
141668839
30199126
202546067
483294
54987300
11423315
33318526
273414928
96114758
234500296
693937661
869432380
23883788
133892117
876000508
107704013
652375476
499979556
58636037
176915268
57478960
232781353
154316412
26316833
167505203
38384346
90149759
41698515
4450319
17769745
62864
2387032
409171
2730329
92642979
750758266
508612221
506133504
527627154
478940517
321524668
230788482
574663542
458355603
21346645
542153760
39562992
1442671
2231951
307117391
1109382
254461670
80518183
1687562
32797915
1491003
23188464
27058485
483960
13743111
682797167
1296167
1681027
2185042
1072199
505425
922374
1546189
1268505
1302868
332334
105718
3389369
2431310
327810
86348
6900
14578
884
208934
145780194
494718951
845285236
1042421692
147487318
202849703
21614178
19417883
210398164
191951573
714458
1607727
2943614
11058404
192892674
87054858
296038947
224850480
5871074
69373878
287119544
83594762
448984227
4390722
250580200
221772128
65505438
58181218
298210031
498074487
371174966
893185186
143588850
6182008
550759692
261929
742315450
942922450
113754640
428392884
337785366
62344401
25735881
2414366
262423076
355332626
64480013
193756662
213918066
146109766
332327386
326296715
4333905
118785162
4043844
232775884
802510
384388625
521488218
8064708
463719024
43522704
1168435
103116252
48996681
668503094
31871
284315623
15109516
74472528
235913944
233701557
885582412
711630712
154897174
29605786
401846787
24969134
512291319
9914459
478757175
8790889
4405564
180749112
11383895
2777566
1493851
107788079
191944860
272905905
17971219
17972141
111149707
160609981
197228215
7887764
8553751
88685189
9407084
2629704
29061395
3439566
5537003
5356219
845376493
286143345
782088520
222051389
192884
78074128
115939549
436029615
284761
3039574
314818218
332376451
283351476
155404165
440871
446854449
309171388
152421086
724800082
138101054
223627249
247156971
69466779
115078338
34582542
126736347
189410
567878898
133074340
3489340
595328082
647436717
439404249
737653261
585998502
168675457
825822
445063
77038787
1848305
398591
32166970
350364011
160398822
319295181
434515722
285537052
405364
225501526
293314999
582765564
265285176
74360556
430028787
57225175
627611
176791521
1747251
35724639
9185137
36740826
385469210
166683583
45349271
74688664
12344439
20283441
28504580
117610369
3990522
1570224
11885901
8179225
6772107
23012723
50040130
207753104
34450027
4076811
205307879
98555457
219705673
8943579
41565968
130854455
1940051
51153702
1205415
14307479
311483666
625307979
670187174
5326994
337773953
863393212
482586498
462821328
90354887
36881705
961020250
57133128
309091603
284595554
421523968
21539523
22841601
78567794
21955734
299572298
140549698
62171789
203439010
16185218
962881624
13912883
98552120
493751355
28049106
700538354
106504763
1126240
224062763
50630647
248362886
133201041
361275227
99158619
266162156
333933787
320225339
127704382
617702007
190407403
316215913
166579949
390368571
21958769
743371153
292192457
469271625
565091889
585773886
356176928
102339582
307563199
919231258
210561147
777377656
481994307
231007326
485053584
286109940
782166058
545463633
264371145
485017233
132654609
137011221
1035309208
62838977
173000980
78608452
51306931
2530718
18437167
386520785
11443111
609372555
7466893
94531327
944779204
5316771
28346600
100885626
178941244
730293694
1032957904
334003874
2089849
915120370
287855536
748613218
366011789
407474571
170379294
989539561
34201615
123245522
36737438
234972312
19091019
302601769
265366494
173756454
654365238
638956227
707497816
1160017
178448105
294344829
2392531
496109031
99105427
15115850
66534922
1036360120
2260953
139844092
861936754
42236950
143194090
141942121
549336720
103931915
231551574
921814561
654800568
29017708
950172484
343947889
242220463
658593708
379191428
2046620
295972435
240421796
79984193
4418632
1194
7050351
68716495
62998525
163372200
56026206
6605817
163554428
40479797
2340
1589064
1393672
2250091
2148792
499517
15187270
80636272
515497
118938
1251477
1249197
316251805
63146394
173804377
31028732
16684328
1915656
13885227
1050063
1635995
217465342
45416103
159184555
1672841
983505625
132017173
2198674
7366533
158724923
8264905
234040651
240994775
4513332
1022519
38805704
2110141
207969689
107015094
5739696
163179220
111417
34353135
302475436
10731939
804618
138421424
29842074
7882753
402724896
5519137
3338622
106931394
162492861
1973056
22026709
49066823
231911074
890586754
603474543
338690
43615091
70901633
197536939
2334919
37358343
15506355
102862060
30173668
1087040
9793653
15000061
581299896
26738618
6632780
247370320
324034258
82484024
11453167
81263820
120536827
451883154
77044716
39028725
850339165
123287657
186438393
115924368
97322396
290147002
169258154
65211707
91153334
62483175
107010237
108057778
290567204
176588
659761
265325
882095
4562420
2824590
116681
856062
60663
11797934
500286486
934240
169621266
3910558
26461483
349327121
46121894
363300269
150158
468043
159070950
546306204
132403595
128458598
67596595
605105
635687511
503157594
108768571
307172029
647785647
252109840
661487982
556796967
801217717
855011653
142413855
301440054
98310605
207228
200702797
102948509
143020383
19777921
512160573
49671720
40032198
239131843
293878186
3501733
159753164
469515789
301926445
17332545
201852653
161813962
2080568
379867142
757436869
27683737
826931404
720399457
145148030
173038904
61492287
369911471
162660087
221550067
255749511
796632316
326798005
56485
699969449
512456868
252145499
19062426
559565715
9194199
645949323
98625421
531799863
261364081
59086182
781953928
664612207
434715654
53672306
410576217
839402692
460628283
43739632
587600361
186188838
706916674
69051233
309656568
820855684
296143792
197652976
546933828
596916651
310470841
273397794
189653550
744486160
717789251
79643617
206027490
180760293
469234404
452792979
321512472
98072541
328129126
425118
785689690
16768
798508153
954428
657427
327599
4452531
158448429
85221863
334615260
382319963
1372115
70090008
107804458
9573265
118658794
502060809
283198452
450060057
331615007
24773770
263828497
245621742
263831827
340921393
360921716
933548023
930593212
914153881
296190
766506718
225216170
350517236
566060943
611282
42007974
657306018
232702753
380845
98116518
825279166
248292
678532
135289676
38445740
96616103
205028
134039604
162242560
27987740
95319352
3825266
295645314
792291457
7482353
792394999
531039
26279195
19228385
265687837
61461
141393054
749218
47347396
46194198
301699811
193051429
701332289
990591109
982405432
982350454
100610018
852885007
419770
981532
626322273
94486257
4880656
871852
159539504
197937936
4815803
154148866
106623693
124063239
121047111
12660783
33443491
196330566
450963081
273425633
489808
184929058
220289
3684980
71258926
8048
2367184
276414371
30030985
982110658
802447417
34436040
161093665
272750075
363285752
879430906
307954404
40244366
139742557
99224037
242011038
147895343
546426573
212459415
60501759
212304482
19849006
340254837
325860034
78110
36864
8949194
478692435
201783034
500972481
43519308
53546105
55971992
1617161
289468079
3098468
21379329
229295307
5031548
937298062
726024556
805551031
159200205
627029247
113333770
34747909
352745669
57900712
275525876
187060381
18914754
21180060
224031358
6873016
201554854
759136003
839474116
280403987
53282567
4416836
123767720
6532103
161935500
103228926
254415712
6280868
31600973
4174098
91693482
11757112
3480303
82296490
5638448
703417022
28938268
14764440
12181225
3871229
93500881
339327696
7432176
110207086
3677305
1063084
292845990
292029997
290615615
125146717
541287
180581777
54613346
1114623
528903
3524073
148393
234955759
12424713
251251
302244644
875944588
5388245
1024982
82815699
295302467
472481685
77204903
428839404
267563084
293153789
313747128
208819170
142423393
862841542
6479725
104667509
31401822
333114504
250274806
264373351
1000703005
523665312
11073847
716631769
69820850
1041974674
335704855
155526231
54503552
56512208
143099284
394691550
223018072
363729398
237181808
2041208
283172947
104400466
1652155
200516
213895235
120536
1502829
48204156
29288758
11716017
182049
798027094
352313213
622441818
664508575
70305996
87972254
214405255
247299757
15526005
5646032
1148423
43858601
312963
432173670
283894
1564084
1025075698
810464464
21553254
199918959
7842334
506600073
126226727
165705025
486788250
303440826
958672906
39312615
315768636
723404
233675070
332991327
238176544
299556564
295259023
17881315
24354758
166283872
74875734
156876109
21767270
295948823
487728591
243644021
458346417
2907711
295650227
26726895
27684166
33394456
276957530
257534694
489348216
304988766
617918298
22361891
224527741
244890092
88363
126872018
667806212
850795429
192732962
71159524
158816039
326996315
770039266
62075754
255636662
874230343
315707117
247706280
62752671
120771214
276575640
350143754
295329678
4278164
458837079
579402408
176761809
327344349
659062284
285007811
22484347
277094000
228912122
132550999
419774535
175688493
17545541
517462929
296272335
269002480
53207328
550427814
650709546
105762406
146062895
792177343
557743137
615122937
152883028
99052611
455569530
24177507
24293323
150021668
946110550
2097706
119301504
730095784
1471987
20261579
51452069
448180587
259386594
13572627
189476
3746938
158364816
909093799
567967728
1488
1268205
105135
360805115
221293567
262232394
18583028
4990352
862369
505171461
399864915
165733272
27248
152247
121784
22800
247186328
201177758
773259850
290494121
524583
1693524
407592381
730610062
782422543
48316989
301068236
565728
470027556
7597940
690203948
68359111
424885227
664398096
186342
28249080
33817963
109774636
18574060
88303327
38576913
102483
828225
437311446
33924997
40308127
2110417
3072070
169517685
599611431
752434
867833479
128185705
56859432
1925814
169036566
518343654
9275389
93118557
469696569
63433756
3859525
314437940
80790236
238950
724802413
185761537
822794338
92858528
742747882
36520697
2262212
451747971
26159470
4272996
124087166
375822128
58250886
84192452
507895116
879692083
559993932
932442190
650715582
287687217
988352626
571400472
990863521
997909672
443203761
54683665
580424880
599738520
1077810
129886326
82614101
274391160
286937519
583270032
67522119
63357496
171922460
214547642
948920665
464944116
294233745
247073247
2515585
273133797
714774985
62432125
17602536
295537314
711580600
5788279
220198365
208174162
124902215
5135781
12428055
32604658
371289584
67436159
301987655
285416302
679460969
63660510
47741969
322310675
328986038
485770014
143502893
321721471
128706478
173461517
552574665
318082961
11380742
132176384
5778060
212691518
2450017
330815832
695574449
270041143
46041995
2654186
829464826
737838619
137166938
522784467
619475463
232661960
618284061
234970272
220744412
350118950
102078417
631648158
6840631
227096261
158035977
268334404
282835179
75277557
13599983
192086565
464646558
517357026
557804925
438244773
974778934
187158508
100218021
13087678
627354978
1008737899
186715995
381684
574570824
847162525
297806779
64160816
516861315
203038676
701385431
569595
68117170
791558089
224428101
925760602
258808405
897524825
859161262
6227739
338703705
872432860
539998881
825986800
788481013
208838112
176468812
170979322
214279944
11853391
810065848
4186191
141986896
11785313
401899701
441856044
65575494
132656034
64205758
15954014
2663237
13528056
19925567
34878670
189279098
34382916
32302666
310076664
16793855
20599284
409736
25279951
239693024
12519808
24525767
36734783
164930848
118281092
48148222
101690917
644782371
532475484
218108331
310342894
800898358
792522
244660918
314519734
386134007
9238
7775203
130385173
168995350
306259939
96908
303626173
251842515
3041852
1094431
9686686
143314889
17052205
205172769
493691727
859853830
9810053
54920316
10709069
10255261
749371390
95215636
363447
11995327
577114224
49443488
36701805
55268786
7655
246010061
439622
34106596
204189325
852702
39594982
843838591
858634321
211643834
442602093
279763839
104008857
350036174
39871291
781392757
480661506
22403565
156686619
243564555
91059958
313016457
144066200
1964241
954446908
226574968
306520583
114301709
11280185
158427084
339697128
12846873
18295919
6184588
361542953
52641014
73635912
31245442
51321993
323607162
19355007
131061921
103376132
620698746
440626815
189190530
184211369
222205385
41715211
10391407
109726582
45459000
7669962
316311610
50246758
64624828
507007071
98467857
23181636
630135159
199179784
545507790
13282185
156093120
220457272
78838888
127989
102654513
71444987
95562430
112697683
282093648
38192959
158387703
171275944
49030483
135081817
140114488
146613
161684416
18921227
41741061
31037
88747290
241466
330740
43759209
69257219
15301962
2170912
11560129
45670282
956679640
209347212
2598316
555925065
556000128
137987201
158528061
372582
1495169
74177764
367714301
233641490
24549010
2256135
62066181
275122052
29001458
13577
276442
288568790
27059681
139025764
199125125
104479059
3436341
16278546
69600088
108699131
108277719
869243713
8201076
1007599831
107235591
332875757
91924998
204456478
5656996
761915878
340476104
180417566
682981127
253007140
720470218
11788053
127219114
11426714
15311991
398231871
41274156
83660731
741857
322670557
733320328
217893465
39186875
12321950
275896468
88905296
9911062
53778688
7685052
250825614
648004005
8453386
15042
250450
53864020
10666424
21082710
9561421
17474
178099500
658218711
173729740
187023566
97659781
285124025
21346899
354635870
424591887
69859969
79271605
1023907108
78093025
161657343
5014626
676891253
948952087
57165813
305724441
423285920
883553401
958686718
290507455
287601057
825109780
88166837
244495395
798203575
897535637
120987595
83900764
894174724
644724573
371762
1503352
17586135
51927298
278894999
1034220
820728814
813818146
109859325
220776161
40950578
532895967
392453355
283985509
776002771
491063592
295873947
566083137
273977835
10354566
855314269
487112139
328543575
25067967
637618479
330885506
38110057
456275
973749859
80553973
207772176
1043011867
872617729
838297846
65130777
53265619
54227515
647038533
317928157
922952
99266760
26107012
43237237
9312604
60166265
8935737
11562435
7998593
39003271
9458807
162003295
448846731
638891751
291280382
996973858
99299760
25265088
3808538
309834453
961894207
739503064
714791935
432061737
169606223
208835
6689853
218918958
44396895
458079207
564671
289298
794865001
810538147
2308102
164261443
619759560
188900319
519537813
225328072
999461818
247521490
14109983
111172
552317
1003418041
31655113
536892627
133732550
472988355
55632836
339835338
795306610
408760773
226011928
305210200
37097120
715944745
191260243
216598682
189588828
18607678
43930376
877596829
4546090
194402692
4154678
8179545
137591534
137591983
137592250
829732
62071656
77275631
1957879
785297116
67547133
505326087
80423449
24188511
627780024
51210811
122539823
5848096
918403072
535979334
84435943
127277269
153789366
366407255
134445064
246426669
70622166
809844049
509661369
19174699
611307285
101926148
26970818
37729355
178802135
150315764
994871572
6622405
44502512
7131784
143826666
168974447
495351228
102253983
47942918
301921888
61772364
1041155938
9825036
454307127
2619677
632244123
481423383
163472174
525643527
270810
379733084
624583563
4520664
463101717
218988310
326831452
30229205
772187137
147264458
816288940
594496764
292561096
237101328
473292876
322862706
316035031
595406832
682557605
158211808
510948492
54438245
167893079
460482831
505217505
721624630
149066014
117800188
100478311
43467856
4403787
56273098
156499848
158688609
34465441
769051369
308933105
454955073
30157446
936238252
120210602
801033574
247784448
862716646
40025225
8394277
778804246
865822237
1228751
886168171
6463845
284838454
534555723
1030770736
809814412
31768222
985429567
121460187
204092918
274184397
331626237
247155917
711876136
33575056
1025886934
66245281
862033225
289816003
102722421
163700511
934972396
752447938
835716862
12368671
495301059
1629359
883000879
24173546
6891588
10951126
400813308
3996970
33984608
216780614
346585037
399164973
133476647
337368767
1405948
24540248
583548909
2852244
696160353
1034139649
938180074
838421536
276746935
255855513
834813424
220322875
17535014
247799062
20559640
545956125
135184997
297444773
113598352
359118017
448894293
340821932
1014548944
482506482
260013960
933746515
1701116
30208278
243456263
47987
664245381
164222189
111787503
516079302
25318953
49244757
310141133
1396340
917813683
24852478
36148045
15327715
13040263
1205234
172537768
139974602
39057735
439855152
18265046
216751501
7327629
22846521
7200568
963656299
680041427
121882
92584671
293588074
4043329
1191545
16867676
57175415
174511551
552402426
2044320
122449953
190956320
301132873
79551282
24097
40274119
262185949
683748578
32760274
136865748
820419835
578999880
329855610
299614479
600202731
283658055
238398010
326899797
536759838
17934621
249175953
7558119
92950457
596114763
3861352
1080894
9106836
179038647
242139131
37791204
913067
216843
528430806
206689388
376298771
324149790
480021543
56799908
229374688
88195585
19976929
11350751
180305110
487854357
798507691
460831467
28036445
131160246
97428814
234117508
904990636
161118485
47561628
65959534
583439655
372802760
820291852
966312634
21343784
110122333
736962235
228104394
835426063
197143191
115524333
177763999
17372020
120343048
72087044
10488718
357640
572649
104583112
109070029
8338230
329166956
46690142
11741075
283914750
134494511
880595008
383466485
282882369
22149638
208613969
858535564
20365820
200172219
156906042
289949969
23103768
92926481
195671299
1029165685
68893363
182224694
20708826
547969212
238664720
591755958
157647155
2611564
2244362
55115500
795943726
113162659
30017604
954086512
16331062
173157708
18815672
15553050
15516
10285
54274
978790
4557748
6464517
310735561
23795183
109670649
126927517
65017775
16633477
102786051
7092241
231926889
210511028
2214621
44303794
7382349
237113620
821482417
91489888
5654859
668658470
27584779
18053310
1327192
40075887
257374571
217686345
10863722
1819173
241459565
8985731
163266537
13616555
27491561
182018452
108958392
43703285
20754454
905909
966087451
1005991204
903143305
505888956
1135864
883075624
84955583
238899793
140253942
218739283
953247253
272199416
30101333
1546677
287412846
808983322
576345450
2568229
206659281
3340085
110358608
183096271
328587944
1821566
684826376
590412321
16359141
83792155
253827462
244127350
254833063
515094
83870
5026921
18692518
38157746
396654498
119629040
62330610
27645345
117983301
1824186
38807
20506700
252767815
233124784
9744596
260990857
279580355
23071
30761483
16851583
148588004
8381672
98112
21703825
257273600
40694601
430509477
72512
6145359
316253164
239932824
82771793
1800579
374075309
240352
74236040
280043563
51822203
25465180
5908037
63210268
95493303
86268399
87527567
377270618
1016136145
10045499
617228586
5594005
4249843
2207252
655697
59257542
4769489
3502136
316569
939
14394098
10182
9213623
830809015
190171
168369064
812174125
71031016
42924678
625677
4540159
29538666
203362854
121198046
49986125
288912158
189400768
29695930
326726802
207447534
41154060
80227
22353025
222280980
11446423
213769495
13473387
60331297
302790
13036652
336853964
26468464
300065446
12646468
6453514
607042
263095755
298048255
94400345
4012352
648879900
7681996
939314797
58704069
142695992
1182456
46801294
1392998
7792390
901
4064414
3211986
3400588
35989687
67015694
32610725
3286973
1433035
49191459
99139367
570541
5762213
27908424
739259383
131638175
46133618
27053630
59798601
101865383
501179946
838745356
85517625
1453671
209084
2802451
923214
116879
15516778
188440140
1352476
298110
20874526
11450256
585069
36783
10142301
496003
297945778
141389867
283569966
20342740
212641941
563936
5755428
32712956
200058324
23541785
400310778
6475571
53582886
313135621
214958980
189674938
732145
6237
29081322
207548538
189689071
2074299
63715689
410458410
539299896
288760645
285555567
430468629
451709364
389474523
94979167
2116273
109660280
9060647
128404897
309487105
17777070
3867088
278871478
5261843
813518569
5220291
259414984
929142
324819312
198246972
5234418
156684917
536565024
162179319
56195468
3493
44575918
115369878
24636873
88186806
15919974
86337327
11354545
511692567
7410260
4786587
38171892
840527932
754912687
196566599
480264426
29313471
2520907
613085760
149559820
461151900
67348035
1429876
704891025
363335366
827346322
197509568
102183626
341592328
40101535
9062478
5872182
105503186
110327006
1025411563
129031286
875979670
72967120
807192631
62258473
1176270
5955234
79241551
269201611
336391648
30463468
9701996
16526668
32828166
207962102
2519890
1690094
691738970
517101627
5886702
623024664
32096919
530593731
826313113
672868955
52153986
844679125
55588329
363251180
151232319
24493013
19540656
82864643
125256136
263417163
7928075
104685773
5403334
148111
691728941
154225210
1031047135
201344788
1034867116
211963293
527729811
80985003
276389290
255722697
8394272
177121792
13632544
899331454
236576
458233026
789462385
6599576
839396245
62776473
910720390
712298593
252083665
22529795
19221235
8399203
39129869
428857476
7895411
266248383
2727207
301490254
10730705
873758470
117068065
1007615173
272228388
829870987
170155667
147117761
325315569
225975390
147749360
30835830
772559332
293317338
124006622
286161132
233262647
664197102
172079816
230012367
159484444
20166548
656344785
5469429
1010029063
909679885
11956301
2152693
1013413840
141296436
13328780
338240882
310225694
500304642
1002133210
550399434
7009558
201639369
1017001417
705551887
324761989
295371473
205382987
165145925
75492392
291112118
145895729
209776974
3427045
7333684
4021744
4745501
108264931
92285301
200416485
181605017
296229688
488689599
114980375
206635091
166608806
3007077
7430958
21374416
4713415
117117329
5102955
263206305
6634690
106411290
27172932
11630665
82931594
113806451
299918
25025431
62076
542134
3212026
2890250
17374147
573787242
292005772
438921117
65089025
305127322
1964869
42798204
541509339
260418896
284722821
592113
579718
313859779
8195573
69088375
6689832
898212226
125495841
9083139
222779927
1856395
181276461
644497986
1114190
21295114
604143
16883
736800658
312199
3042245
4483387
3617654
114007812
365518
19974181
63158
531264819
102005
3840053
245126504
118737
209627381
64380542
13415661
7528058
108224660
3401167
10370850
69913171
787574
108811812
394670118
205883076
87105617
271146
33344
317392975
337866
210252
502056
298071
629425
5507266
21799498
259961416
167922669
493474
3992
416735
39269729
77553847
128307216
171814360
18974747
19796
1097981
3058936
144540601
7062196
30663072
2348935
1321168
882979615
18242361
808740268
804157807
41221862
299425
545695191
730579759
13978
547267
213102
55793
317
1300673
324892
808560
234220
9190767
262494281
634789299
71516662
41326133
52602847
263941977
47267587
495258054
66103213
222839656
3166179
47052363
825533500
237204
64000118
16454163
109681
251336033
415653
30108649
51645830
273969588
212154630
414976131
642628518
181437700
8504537
2078899
67269613
8059752
956700400
619745553
103274320
118350061
32039360
463382
77901931
544060023
398667720
212623305
90662556
152024749
51388323
334263125
889082155
742329613
11719886
165533286
252398614
188984221
99412080
262577186
475045608
38095614
410970180
420176178
226801294
1027635448
356364302
276155476
179150354
889530046
99317858
8968752
147367107
91513295
250996044
130992839
48573704
834964210
217457803
316960780
920988226
129339184
881631859
529379
287630310
9399485
339929015
11925802
155126787
105542458
160719795
41620308
359074826
143820198
865817338
832344397
215123468
729686524
45406083
20669787
808121683
24037995
873913231
161399625
380147135
337826969
204379032
320753529
456956145
12448627
310028273
468293073
312532359
806140744
7200070
13663109
782156836
733517947
198738926
2835151
145794885
25977360
644488101
16509370
135813693
234608120
967874
13250284
100190094
33168588
4180213
103580174
49263457
32453597
737696716
796236313
112904040
231360659
44725
340773969
989177
142910703
39860938
798398491
463367544
78443
3135619
357132557
58209983
19977249
480308274
4756596
284399747
95898302
553120413
149488950
124758298
427006965
260291421
128883155
810037966
128531731
37876441
313363500
1107640
12552770
91409735
3178845
38280028
234638535
459606537
1021680634
945815032
30312974
4880224
978759538
481960302
695620394
1015717987
951071596
62161646
914138449
108502578
13414669
19989840
25003970
619885788
675301556
293197142
150844631
847706218
186885340
165119365
276456756
323261690
5044804
12435248
532683915
687904916
325525119
155679311
114646764
19168521
75372571
159332351
660325257
1585401
121823343
201522814
692451764
74871039
42333449
41547600
808034707
207591640
74448785
449607498
2493356
522409668
50531999
14587212
652838754
17243545
1210492
47647425
157511189
943344403
257879503
16530373
7706198
605287623
303430644
55874209
110031956
282511328
721188898
19200203
155526051
70844246
67265799
377405279
35321176
425932452
10913661
3032708
55562336
123957514
23686216
19500713
322809524
708792991
139923630
143329918
55129899
989683801
4528557
414780540
634353747
675145
592178010
321954034
265386793
846979492
160797814
47838
610349646
915319762
465799095
216710192
34352595
713612
803805
27718109
304768749
172461354
541669254
283529931
27210089
799522948
243635960
668853896
348596603
97616556
189497331
23119429
34713961
26968464
23877
430076487
426079
336382229
728330983
51505451
450159375
648670452
433716063
423496376
859546822
19211305
569047668
910789
610600395
264497709
169314386
26007523
889722163
168194349
340129497
229384934
98058426
506841276
14058807
10995431
208007955
1016
1870474
759479053
17813043
377353427
40581518
51562330
67001696
109859243
767281
4583
47486
136278294
24669193
33055781
1781294
268258584
3197309
17867710
973667962
138720375
314259132
214394450
23976095
305269513
9521339
350346764
135706625
325792402
24289924
351899
13901
970196
44104674
4862463
16883780
203419606
18402054
1940602
127283696
243268
5230435
1770795
235230
21084943
43206527
318005
11203802
60698
51522352
22988850
799559500
45007419
8660102
456566
96818680
895736728
596986005
943635514
82837062
713447941
51780816
1390105
47078190
17154981
436041660
249456844
269892130
895620796
82723387
274209957
53736583
3882315
286198520
273874301
1026955672
585099453
281564297
84123400
272032267
770424940
17246927
1021288507
641990277
310078726
1447591
25058347
346506560
188287959
206924209
24188950
314920964
54770636
11166914
328299126
346660277
105623583
59409074
721488358
87139
324471
7359462
211220449
198842769
104530062
50350424
104994296
14514906
1033758514
1029218140
989456968
989456668
989468839
989461474
989457268
989463559
893008051
936892879
174342
124570836
956761597
1514565
1462784
438169521
7375642
1602286
157458983
357839990
60149857
482914707
199045381
945773917
227373697
435502452
163573692
212514682
115420253
3839371
291451624
12679464
278790865
33421946
36117314
2606942
209280005
251687
11933125
649977471
681030260
141604917
9359337
651037797
216051
108633498
261575012
141980076
693516248
144402039
809734
2825555
677986508
106199617
822106222
73056818
152643178
855935
100532817
4043030
56363368
30195
529668
1903839
1930592
13600259
262443520
360434615
468387468
691060004
829376086
969399121
846915943
383137097
800489098
708076060
856564099
609709092
248086407
936327277
23553007
17759345
472800357
1032742084
81411932
212306402
13727246
52378959
20068335
3539941
2744345
61512344
798622408
286264145
799731277
564845175
183802125
298285274
1033401520
889880461
965810452
431468793
332090662
429032811
58262632
30213543
1036784917
466727661
26830556
17999985
626187816
702408056
937156252
986066359
988606795
8453940
273974087
114008378
603469821
173899647
3139568
603451386
523844
962288995
780455008
16912479
44978148
334507689
201825364
12595095
4545
8322281
359964341
120496306
334826815
401120901
809994
83241147
3092809
1873417
70562290
313119127
654793407
580636182
209756904
17143516
831235489
1127108
56497
33381607
4896299
176572564
188089970
724286
1978712
11252717
614148
58067638
60144145
780483
148600507
677437178
336299302
337051055
314015124
200242940
2698904
267973857
45959601
397681308
19883870
14814691
209827225
126878975
513944346
46429771
83208593
39410633
88314180
30526490
308479656
334021310
352097180
39752080
187324827
1613955
71270663
20660611
208443300
680564531
41921619
6852339
781525270
73705174
3894200
308131826
604973529
17716472
271575
936438244
59088212
13644197
36677578
235598836
213456966
2239267
1242539
284608197
78975954
521887563
113203
31024
294475992
1648575
140284367
28662
630507
122413098
54056
65561062
36752954
173046334
33771909
14269499
323674762
132624
35713017
4734350
141589634
18328235
86387603
34871477
1768976
166878747
172536843
3145
183606404
448596
4023518
64198622
74554050
214102164
29438386
27121144
172415418
111480544
249842711
148552460
183041861
50688098
6093307
831121426
405284565
29549018
248594980
38931668
158538723
13912487
495570666
3855308
346388
450481941
791463097
25473
18825241
141531138
6362005
317548461
29747287
587358
533011353
43773489
88344894
12858223
379450
973977
3461323
546858
46296039
5320842
140580191
73496
2796627
19971817
682998020
145492608
37385751
2647489
391829400
26145681
26296546
157995375
328731691
461141130
49377961
6972359
2097700
637199169
1238
15323955
1111135
682977
128763
181613
23295354
8625308
1186432
206983241
361176230
32585844
40772
864663
788205
11149522
72753
4221331
2305025
675318
155557172
196076407
219403684
5701888
165569299
752567110
14315475
8422802
12626
1439292
5162358
194447458
908483248
622285740
768589855
921738958
136667260
71609337
427238934
598702113
187658453
209375591
1237385
898603346
58892
589483080
435449175
922877
284704736
146187401
87402974
3880327
35412491
97862671
39569677
204014782
618652338
20023989
137874800
1780378
651194301
261230718
133085429
480531336
8607219
199148585
612435297
972335713
725751166
303663453
177770569
508712775
609249234
841627132
25175179
426784086
154224921
1305449
165195003
40755074
119545312
136863919
205155665
20939869
13093254
4822592
5353403
103517471
4162937
107401059
114955570
32173603
55023499
6831764
193387741
964151731
66779229
3549191
342754018
683089418
174300731
1017637447
845725594
334309396
813840622
825465418
164540719
39762760
426186
373114
38873
1167074
242511773
159232
209299147
806168
96168710
21174141
174006135
104739846
850464106
71135273
192806394
584227245
5955671
30130842
2393812
2932507
12354254
49256508
34554942
158393211
10662443
292690548
497920425
198183109
226964805
227762078
105713024
592115949
12202971
10748346
69331453
552516285
220956875
84150207
210550851
97255171
22352953
666769343
186768250
545789343
55715920
411085368
295185242
24848438
16688822
166319061
119439328
135426132
137900
23942918
56165469
109194304
22944258
806157685
153261512
11094891
205497528
132312316
327348297
106731987
2357645
12881211
1499117
40184139
1667919
12253060
4671640
24833288
293825748
21801609
744434161
386819597
575321436
4283817
317932410
246693672
113087648
178682471
92236979
48655133
48366867
377168
887371684
61628112
230109050
9882737
12531263
52393649
39142163
23902293
151140446
728666071
287465866
236701172
2301518
933339
295904687
29958243
51519792
109427
15009333
36519474
200963678
17796542
173067643
30230016
12508033
9634795
7493250
148443164
696337848
269520855
969953890
1030957132
54083151
316093244
249230736
584962869
114814446
235513107
133722008
909538189
616195698
859036
212578096
557973267
892240291
812676988
815415322
828616900
12265975
495533034
1214900
657760941
144424094
3759694
47522842
8987114
337995992
218505302
155951378
40644311
90432297
631309545
386306714
818921059
171772299
62100
55244764
22673313
237124295
432251181
64530977
842962015
191018267
189491789
144547351
570231924
202626474
612007134
167537293
187225015
932643508
157920844
312528024
66869842
454774098
117130074
21834555
838164145
122952037
324976681
434441838
128391609
81728526
336636137
760057627
2525945
469486854
14209938
8779561
82802695
158676831
122596430
37510534
216391446
8991525
861424
210631960
1787682
3905861
11598656
312561380
463251360
2706574
189484566
990185824
961705735
830944729
808443265
387048296
257649809
141707
76117584
53932182
332212296
445123
351392228
281645576
945387265
868590034
779462
8005342
45662912
8377730
239686789
252421072
290078586
956458
109054279
655072
1298699
208093519
222324
2276405
349011
934169470
818104426
92871598
667437665
172047001
582234135
104808457
650089812
793966411
933881635
293152270
71757740
282460037
3432940
860987317
6374135
837605521
980460775
109516583
619403643
1451076
271046390
875629171
814657078
166502749
31364175
867166549
891912712
1011257605
753011062
912526651
931772119
107820097
630356
437880321
34950302
1319725
1152618
60739068
58544051
793909252
853207018
660411666
496981902
324198303
570434307
337223155
519733281
1035799942
34275764
98407084
190296560
516212
251274
81477998
55136621
302173
574349
1769991
224645660
190305860
30829748
268810369
30043858
33732613
650208231
544198329
835072507
526714
934900012
970801807
1044235426
1044025687
449464677
1026392437
539949948
284355850
880182655
224735855
142328315
148737351
277214524
203378125
157412212
737924170
3504172
43694388
140319348
140054879
236713331
671802098
207840917
148373814
1014387604
55346767
982654174
849960388
363706745
681750092
961707784
1015514935
128797458
399976518
39437104
160766900
36173544
249653291
873739411
232694208
419683746
21362282
823328950
829537234
18428140
975678412
17812942
150748737
769101499
142028815
3049228
461470047
24707848
435146616
299621751
249382883
2139713
299463
546347
2216739
50657
1816244
27253
1146916
585484
98103
838534093
134190229
804619189
3262718
875089189
123862645
437490078
2892937
27995720
57227360
125692350
122411120
1007301802
724640
28884239
1316724
3517095
546206
1377057
9258639
146791786
153958447
784920679
147665218
251932509
478006686
988946539
26681972
199611725
3579119
183938540
295175916
205235828
970496266
245063070
7365470
4586756
984202255
71895185
479096292
69343010
605140254
117860690
8748619
450683
581326
214363415
606865530
22487532
191840780
1716289
16479041
5788538
12171322
1122117
1218177
39488457
10409475
267433946
1675461
59323487
29115315
183822296
805761814
263707718
154592503
40002296
63725139
247676656
847163740
981398584
982137064
762141490
1011716857
203826552
905302159
683562245
44017794
778796
2998740
708790
46581989
2011894
120919789
215132909
12005948
232724695
23531623
378244883
142491362
234762635
274177590
57447226
6054410
37776016
24014669
4244998
91920095
318813502
1790512
95559552
234644247
7708147
17759036
364108277
47946948
221987303
483519558
335555958
82139785
245923891
156931543
1025590267
17550516
130598693
157378854
233296563
143168783
304236742
475343067
167880775
990505480
334754479
396724800
935912551
972008260
258787132
721081615
393785169
70093826
134339010
256442860
66697043
151096461
836235838
460053834
31869447
812726530
162009213
732430126
10725158
317758845
110501596
137188676
252493090
19500505
1077279
11584764
189912317
45734195
176280661
4579296
114500721
184289554
48232498
402690555
796520
446107929
44782857
53714729
284751647
188533641
142785971
41790
924212947
12767433
57722033
244309325
1041723619
321386873
348196778
439384074
769334395
325112970
264120810
578529339
806301937
148482332
298430887
491543760
630860682
400246695
359181824
171734889
39624451
304911348
236222261
858099964
283908354
897796520
230326069
183651266
293385918
317343476
736813393
216595267
350534243
306404025
333003284
924158731
302243194
716003629
1717203
130925351
791403979
247768911
418814289
807607477
615327624
250486833
25365900
709268056
209962560
339986618
27580353
525043872
811478137
7450319
148161263
153884857
317836980
275542911
795945442
295879832
534723228
638273367
666736979
885439609
947139760
298958607
938953204
166913085
750101
61853485
452411049
3630795
297366
102211719
658279557
760549624
885300415
583966206
112895790
242244353
907798828
8472170
749830936
546452190
970334341
165307920
161486579
1029848776
199722118
725294
43359403
151813317
333651045
923246089
846236566
914235448
896550904
632190219
919142191
74126145
324333705
35675880
336647548
643851474
12629325
14763003
595960722
231255423
301221877
178834336
34932928
699049082
935905984
207986470
754613041
745575775
86169111
534121998
159969262
268975357
305108225
714422215
804320554
8416085
293911057
142756364
7695142
359699132
335912535
335239578
372851813
944885011
638898462
204044615
204046552
1004393248
134553314
481202799
625986129
164397340
60947429
2969300
791462152
382275173
940923232
1016872435
41811665
208293577
501072273
146820590
165798075
5518391
108720915
32280507
11496737
288240963
606309966
739938859
91520389
204452828
720843
150169516
98970684
1034477152
236295
271960
2580532
2737750
198443
10365065
11636808
770402758
12208664
6816302
389725632
918302167
520396065
11934519
689147
13909117
743913613
831939622
762940
273478148
213088338
44965601
923547544
509563419
536499750
238185656
798855973
217728764
123815403
916641256
180707372
102876864
564126177
462479505
232132627
992896024
718856152
123008015
505329210
724453399
110849993
1039656334
645346296
969446242
177577589
91930254
209938999
658938723
211855088
71908132
661239696
196054141
254691863
46632014
92444148
123965531
125451808
131255092
287023503
37986510
197149755
185310355
597815814
196758716
80859581
3390039
323910137
38434746
1005141568
717336898
248813511
642822405
740716912
63630496
59363939
455944551
1020309979
247410259
480228945
331376967
431006691
47089221
1038245296
177550408
497910900
849428974
813528754
676026335
839662477
122340795
184119708
104494394
340789469
35313440
940046
99075427
315859346
617932332
807295516
40696840
304790317
172436772
642026148
1011697537
871193254
11723797
29277625
614488095
509433570
246549646
144572314
23807
5812127
248387425
868181
452000706
64053196
134170631
393420399
63417151
4540515
14995932
817236628
160983886
643408296
452477142
31568995
973621009
913052899
328455790
882474463
65144604
2517228
303638822
284447988
542457063
9748641
117428367
626048520
85981233
67785615
961938715
947631121
106818190
183215344
945668143
315478342
87825934
49223221
111356582
259750418
291558192
259599820
2903041
457066860
304640787
5432936
283880936
99674256
887522017
131589274
873579448
803776846
202986513
90161220
261720223
433434081
80143598
937333105
159405879
988023109
57967900
621422211
148002753
21094714
363068732
120776740
186179687
164817166
187684659
18559799
227158535
123572738
616606659
552883413
37496025
252724872
309469221
229948027
184668063
848553109
167207389
140264970
208958126
277662607
425590638
575087622
492223014
110483538
787515964
37687052
652019958
911351824
804728677
192432582
244716274
677815559
435099459
1025244736
860856454
207522081
212083890
1001004505
255228043
515478201
107348265
275507896
107224381
32126317
1380011
1050706
245193274
239363995
16799469
314618489
8539486
942481102
559190775
741967084
460275972
718695422
510744540
243076957
16673875
214170237
700048
2324099
627147429
35541449
811450801
403992858
900194266
562785084
377361767
395925183
104818486
302437239
361801013
407994198
183866672
32744071
332781031
13364668
186450899
1043528347
799460944
1010088
669218123
302985612
80564517
996035473
989052571
759036190
708099787
681267893
388969176
141313145
188176275
33625786
324533574
282779655
202450568
333315053
112762573
7011408
108207466
3214195
137376463
814690324
824542267
717784751
1009779220
477364905
381177359
399676878
834419269
208988586
100230899
804124753
838417333
1033056769
190180838
244366725
271685922
342039517
121949638
36223334
887576914
320132
73478053
172873
21314829
7644412
319914161
13070583
31558083
140402822
16059310
242549
546761961
89369194
313697213
800387041
720617854
39830439
115735245
7155256
87867
10675594
309406024
66476320
99238937
5288784
85147481
165107926
275979777
710633431
469265718
186404625
124286
82706
54553454
7494698
705747964
439498011
281066
41227
476727990
57308591
629243529
834665134
573468258
291190260
973174846
20613209
4382880
112502238
577975842
604200750
6340736
831432478
55596316
120528287
22144015
287444127
852442189
290280141
437764932
247609201
676748093
368729117
39754832
11107858
10155439
162144560
2011697
950484808
626617035
328634441
933230551
691701965
458185518
231796793
891430567
26620170
24969009
187967574
44297755
1660827
28743676
546591993
78784273
137524781
3575311
226774
164551877
56332978
274567684
71331320
127756509
908821168
44060044
58556425
8820120
113188291
108975646
87682
424013
203
181730290
1138979
117453
403059
217740895
34176
176052385
375640253
1511793
97995782
188932791
123868919
6653938
20938439
27487813
392159142
186986716
309416355
223547230
10305190
271718906
130379995
204343291
337074558
2561406
660856365
770426182
22215562
11604490
45015198
1771
404881584
1337101
2309234
8556449
190085305
4444458
76452557
923750
6240398
998142196
631965492
994210534
326484108
956891605
884224267
476667522
883972738
11781753
97407204
331349320
758555686
309901295
96341300
13213240
505278369
698253828
129366739
999610855
570114267
114941161
277090245
489298206
295971513
48192552
974680969
50770363
75471
233511363
2362581
197201243
190969541
100225724
934119982
828321637
525288972
98684179
1015517530
751649023
219644350
307612255
715895905
186135351
26464227
625747644
48147868
151660220
221203070
9210615
5945273
822072451
680131676
15096379
2356755
183309588
244412560
456295422
120443976
44180647
42856874
785612422
433007
811462519
162333016
266183129
234049330
300861583
146070445
255471900
398311278
161677005
240778499
916584415
534147219
2873134
960234286
174914854
325644678
32617939
528957642
281450821
970568053
11691116
10199457
713360938
303844255
553786998
187145013
96292886
268402497
10517808
549817707
439411197
985079005
811349131
405480510
413010357
6693842
885714643
47771820
264147007
3807335
578585994
81518
332590903
222751582
82129840
998541367
43426485
826249033
294987621
13591295
71811764
318196385
23705651
1010189521
244692934
238651224
179379715
155698279
914434417
533806671
17262283
769665175
202250447
595986561
302162232
887695120
885031162
609004497
32374448
917225530
332542070
133697024
122965390
322499626
180903938
884774698
165938476
46052952
30040146
137154364
445535997
329747271
239282986
289750988
316278330
329782621
14995337
206344421
89903959
217974632
68199111
11083372
403564167
5506
480466953
499431273
3711131
286477
431464707
114385885
161701036
176627356
62921190
122341344
6888303
298361
4454848
215812
6917078
116114696
658671744
50620501
224206805
1955
91998437
257607412
60242214
36150133
230797536
11037614
13857029
175993207
7625335
2460766
81627034
7853935
61852411
96340475
4223094
10369204
9220243
47507272
155146704
80832079
5816584
55114741
38247947
19610109
112189328
57546867
135977391
17304012
5914065
86553767
20960197
248166736
131951881
105721702
677870012
608145468
50971144
2158992
107577323
9613228
3199168
29257324
19012841
51201159
177587582
11661802
53824851
85976765
53168760
139320026
37286281
26937326
175722474
8407076
174074608
51815254
139147791
215412246
2535530
80996529
2627300
7101962
2270251
11415557
102594
179037
152185181
390542118
281036023
131104876
110093632
225228364
685018781
100750435
4678662
30918067
5308467
108371138
874367260
21806032
2276718
968282593
18575972
119135678
69061510
22060977
6607162
43245093
79851544
19988416
21136
10165
32814273
10814485
118202
345
24283912
595476354
49720532
804259051
137810810
48687019
421857424
126407686
147142179
849904048
478360413
987557461
820909249
231723184
108919160
165166916
486411261
750380887
186672044
244206826
360757448
246684024
237617611
140931193
163864673
83893039
220953602
848623159
78904591
857062045
587165985
131988167
317329838
49199789
214884690
287591860
206918939
718390706
3378022
1754061
52806478
294086303
8311506
5908859
572931342
195306269
177439389
63351340
109587223
148381549
13310185
518529531
490773147
470052525
542080863
244279558
234883
1438957
349697789
3924611
287903085
92816283
175311997
263727022
30237614
173756
94351796
1288474
1124943
22431980
23145959
124238680
7629723
340633
54132083
113498163
63941653
307084031
40456624
280662879
17886776
7381990
119801888
208460745
206323931
28390105
303214560
802785598
158493099
569117646
462164190
154395014
561697959
169525608
259442272
33296508
14449884
630444846
797948626
141734303
6605924
306420530
219591931
144843380
177219630
627588354
387208520
227804586
498694473
305017680
170729809
114232748
34193163
547189365
776701657
159205778
738305422
265172192
660457848
70166431
579555
462346623
60222604
220708943
38454938
52215164
25044852
75204825
290616612
250740589
127805844
22133230
481385085
93101416
1785501
51786097
43920133
2884299
168554503
322402288
171627625
147843110
250668
256154875
7972887
236029685
332329762
1950767
25452427
18614320
67961471
39311927
20031348
236051263
13467695
104423637
43976028
26808833
106232647
308419
112500875
365917
148186920
115777137
42950627
318822537
36591
53360908
383219153
125646909
433164
47654473
1046448
261119
281851400
60879848
152480115
2118014
10762173
16652
80588209
5061133
29340355
14912916
267636270
621156336
223502052
817609600
171987758
86143659
317145999
143960208
423413320
164355383
153859295
30679992
732232897
936403153
86241710
706338274
59079514
10631898
69602290
4200764
1724511
1041442963
29924027
34520609
205062421
1803195
6392554
830532
1792025
249299
684276896
50979705
268220762
762735874
4139902
89118
742781563
34053998
5321014
5909584
2233321
87871254
132205966
161086885
102179557
344781494
80020230
337483588
279984928
199743
6514991
295872286
87567
21299199
1420407
126406
193601344
2104913
791629
119742
3762
78614
1201923
8599083
187
3598225
772167217
6250764
35714879
302895149
10695542
7125446
51344481
761531
330984961
362813717
20840864
600764790
552423624
307790445
209139330
307413126
10620964
18998150
385391462
67911479
72487629
777216142
1239610
298276862
123771312
22487406
262419845
95418101
327546219
104372952
1030647577
58438501
362071841
130945202
827404036
275724766
125933105
150048847
179298691
209052267
568982
43874249
7713888
472224306
9890160
327848118
109227450
224468
265635822
70494112
41944668
32945647
6663389
250176911
903564925
242680154
276110758
579832002
137872026
81031845
882389845
746433259
1004823841
203415801
558019173
410006763
294379834
810058423
777623956
443183412
777102979
906607381
152229130
106110420
308847778
686503493
245531175
300044830
485946276
73820120
880313959
24970504
60335594
49661091
957490081
59505797
1038041620
310827489
48802733
108959542
84158038
28682753
5487065
178304357
176496550
993345817
1809028
6374576
53833308
376083077
3800768
153449706
480915948
797797654
306949045
760352812
597988962
52521417
7100590
8690456
2699751
1314584
123080580
202336652
43101826
268973914
358447658
10887095
325025626
7017192
389252301
205975190
89474770
324099201
76184116
853085767
94733383
62135255
661688304
23574712
105611360
164220226
695853161
601939332
48897389
144819655
246728324
756748801
758733949
55993792
680951198
215741709
6372215
141352474
70345998
1021067755
356758229
54947595
127322340
34994724
177994729
634923
9866540
101519653
577603407
335514061
51167
52171618
630268074
741659770
43846029
56836
180769143
51759824
110350775
56917374
784440841
19837439
8420837
60504384
316638189
92452847
74694056
12514235
498853164
92775221
1753853
147233543
525951468
373724291
940150639
1494747
765349339
336748346
17891602
66098501
903133615
499973136
874944136
8002912
675114668
106464619
238769923
12304326
34947509
73242800
94113628
424318815
40170293
49190025
473788170
291341689
205655228
213131908
454008087
28494213
176032629
54505033
141687168
42585496
11843617
140526359
3201738
2962708
159257697
74822979
25046531
532330848
26361530
52825420
57222452
137389185
167738388
9177792
42012761
109222239
258207735
799129714
655924146
43490653
321851480
82497583
5157644
240967515
155139070
292072422
162054178
170814493
126858552
17675424
310605544
25195365
477469413
170611763
178120409
102535525
89225
805841773
448093
7055425
203561624
88613115
135958707
43532940
7577504
38374289
2592308
3197094
148402747
830211373
934486807
197257013
916266547
965611102
339701871
789708907
333541484
360667796
318540213
22839635
115375678
220585297
305761697
146594684
152782
427672836
873494449
868938916
961668667
234213489
220545910
187223662
9210585
270008559
9854601
19884943
141880058
729500653
974495401
5697983
140878412
240657477
358112849
551359782
24726676
757430935
996395857
92783124
83944971
639406977
434822400
23389099
4945318
6856770
939917155
1951392
46714404
12698660
9774
498220002
171248497
345236564
39563081
33814476
257723808
65312866
85004255
75385357
56627
133734359
90603588
2041308
550036
56447590
452506410
1004285806
603043044
2929369
1013715757
50982678
944234860
545089275
623475
7291010
939476908
252190304
673595552
302387486
39705022
195080562
644394810
84722818
15339093
2958204
91174849
579622218
886928959
100393049
6146314
20765267
278004
7486922
6895211
959856133
2090995
36252563
883518550
174024582
161771194
22687159
158137520
19213742
205308620
784444
110433
45496464
89937471
276765154
6679599
16686554
3749101
310094
235544792
729180463
10603983
227791635
238649708
355864388
8802939
3076555
496431
210595936
5655483
578622069
574559019
550201287
545957400
313093225
177568127
296945632
6211468
10083171
216582886
58345189
505347957
62079871
6969243
73848296
527195784
53404443
794705575
43861896
724663
85298316
973830181
204142733
713230858
189649674
3371717
227593281
10736542
90836
120193210
30870
113010009
1645111
72466949
5785852
6445181
251629060
29331385
337343346
164900552
733975153
817887184
55397797
382713065
159082241
377823278
121415393
273243850
64025530
21865478
739227760
75156663
142315141
5574718
136385260
63097998
13224478
83364117
6254994
213970217
168847293
9350549
37612558
45784683
207776735
11123245
289871925
2365576
173899180
268780956
204678501
764128195
36372528
1866976
7463523
107856764
86499982
887933026
337059697
245060250
21980007
519044502
939041449
255201287
134761701
647307744
3826134
746448640
13365587
57718026
416639124
236657216
52709045
793160512
174799224
15650023
7501882
66228813
938896522
158822625
30756601
209793296
323866036
619942
281550632
135956964
119902524
163944465
58454636
220967187
228408362
303282215
100250
323325183
76370184
990714
32692814
14740656
567249597
33750112
5131920
26882681
216653926
251637086
980430937
914884279
151350129
154528414
529302
451613925
573147135
117423683
54126012
29843018
76477804
767483
238575243
274828839
3291194
200211619
136728666
11548677
506944419
9780539
41893855
8735966
70548
594562
256933
2241980
140773994
24668355
416962
4085858
202384
328206960
6488941
100570074
120260739
204568308
702547406
319425885
668130749
815675263
84190552
799956586
588178890
28106812
7057792
10592074
758727394
30909855
730809052
1285441
677278
144880720
179237537
814099342
33361419
503540103
895635487
4752087
411384753
18949569
22691337
58026070
66442686
23191751
300768698
208573212
84650351
40136868
31596701
101536469
52598409
70616212
10920564
38151896
690003437
2032342
321765314
59521922
291929085
192418650
46723307
3450336
33638101
936407077
287056671
122482711
8881996
2602566
955904404
21909175
115906302
44147283
26685021
148581711
100781635
96110310
18905467
8672077
2656381
275644376
265011696
20340748
9182190
1217848
177147023
208436021
63064619
236211163
187051711
881116957
975313078
586529151
13624598
321171696
903681205
221398965
858008
513288861
171093872
92573138
144680103
114217341
12368422
41522860
602
69224633
801759856
113599539
319211418
106116873
109598850
4904351
873952
1824711
8681825
146638910
200312673
174599734
124694528
1314921
96672802
24374173
139939641
149990602
1677126
1036022
58840514
327584
321949080
20592018
147306359
810191467
148688144
318193134
16475776
36196469
35890430
303951841
39555475
43879096
197520495
185234010
416928
122493202
494163
36371410
75297153
41424437
165878683
1040984302
899741896
51027077
21806881
222581046
6126307
261931938
690630809
333193217
118764674
14328119
406905597
3314632
280170610
154439843
118108128
362105
417225759
861047674
212116
53762336
550045179
108583941
30345545
103079189
6643183
30730328
4318407
108593364
2700111
448458222
1494972
154163099
926965588
16955150
262348812
311566737
274038814
64600320
11908863
231724842
2584124
775990783
135557617
394926756
243385628
27608799
23087896
611455035
223846786
196113401
118069030
5214308
63969410
44699889
296784094
158054360
509198955
149232738
150396384
328311474
38122545
317760148
316348962
74594593
78276678
94475436
133707370
967777216
45787418
331339070
816386536
32389661
720948742
724793833
161835667
695579732
32014297
339855258
141515681
1625436
106860051
819057796
102061578
25862517
128622680
67005330
796716583
5984723
572802516
2763857
651983682
96492437
59605828
576537060
713107189
44347112
712741678
3038202
742890889
219036304
119933354
506214378
459621804
23197
123957788
266704461
1529699
107999065
8657746
122056614
111526173
866083141
40680897
31602557
1018771045
36905163
21377183
1059912
1012802398
783753811
133449670
709017913
420404814
94285162
5595166
176926292
844045501
385266008
16028591
310171876
984714730
2487763
41570379
492994
2260361
159490997
27455074
32589
140621414
770078
14126
78479910
1044119
26200217
2120778
39869835
36651438
50879287
17312497
53133521
34221452
41993491
270563514
6804883
3228387
380934755
5632394
31816
102066990
248743322
191461118
15163172
1173592
10838247
115118151
97440216
159153846
152088720
154668439
289540999
9970971
566957
215778545
4314063
84867526
205833877
4941365
1360816
1562646
358943
9275599
9348698
31816178
48773
153577080
163356779
137052
156088701
211530322
375088586
294861984
926783
267243245
28345744
54244869
401104551
132707280
55563918
250267491
2687802
3567462
1613915
28292117
26112456
9150915
17110213
984911
1042056733
1029883297
116885059
681556997
431695038
707712928
1037807
366752855
750144994
135405887
160763118
4037463
160312592
11775126
10938873
10286228
51543499
9832327
1032757777
396114384
960376222
459366531
181782737
306573200
720231475
915471052
8797549
425279748
472179141
111568074
459623
64313593
338737
1423532
502887795
110021
93628810
147180320
1341214
7587103
60392493
335976612
40174345
124366510
177989887
13764054
907958833
613128615
808723165
844034791
50383618
435533970
783534748
7885179
265757631
199466516
203504090
447702603
87528401
14998293
170692137
116115717
46257393
190397371
359557496
95671196
34176649
14265351
1908764
631383132
300909832
124968027
199344293
210688185
1013231062
773340
80032630
988498504
80395241
75205367
387446
118418785
4832067
3584493
412413678
20029609
380581370
179225630
441602517
844972804
606005247
43118499
160423825
2019963
218990289
51374227
332465753
77129212
149156220
12117
805336471
326153
8902416
24307996
1953860
297951952
896602189
571531956
184796320
339828502
248661969
954231547
997395319
203411687
96546908
363341141
539101311
18627458
1096477
269442449
2409123
133596754
840243019
26853971
2114094
256955445
887511151
217679223
317955955
546035937
224619837
36424597
162703318
45715
124821282
3048367
3818979
403196823
2323997
3392465
765484
281355924
7561566
673416857
787999282
3707054
884726
623517
147216
3703281
62007720
798638086
1159889
1799473
4651823
50894740
20256359
148421279
215
58078
139416238
314147678
212053200
13673885
192842944
117285122
123522127
3274725
30341222
38502551
28624676
231185039
381504080
3078289
192457512
4388499
380111180
91690807
823241
168401556
24338675
186990584
85319723
9738173
101697665
56061374
419903559
153778772
44048653
1786483
1671659
304418832
30084791
5000919
158360083
281350944
251735026
781360708
600925461
920099701
265933781
285131497
160858054
977442457
46665873
74582042
15795820
1310005
823656043
670089
14090772
101068496
342233185
218653910
85123778
779892481
141012937
172355086
471967800
54197130
43361306
820616464
251689818
72540568
3621880
873420610
1010608987
482553816
28584318
64056255
832224670
835743094
200792497
387371585
70617931
42469879
18048895
267413172
777396961
108549152
453268200
439042017
281206494
803641414
395370978
897027022
739524796
263543120
330929329
896050579
800022049
423882
526144116
1225693
24807743
1847662
79668972
28109785
145847913
6218499
109758798
139532246
5952197
100944341
2067845
15275530
8377234
34616971
4955620
52138332
852351457
676580000
480381405
378132947
863168251
776942206
446264037
714365164
740038267
2467283
473686896
4795483
235025490
31609987
11059001
6136500
230108982
635723409
2067299
675755534
51193371
100424784
33874354
9647409
460609086
15605833
134119139
473902
896330191
602540
4653681
82857180
950438101
1030110670
680328980
1024189276
852715153
29984896
57053412
77414465
147929315
303868963
938666137
877009855
1017588475
565419510
46804512
230345543
228749865
303879655
108695936
28089755
20632442
860253286
40184350
1292633
28144783
5669670
11506755
942140467
234083664
3411006
1492404
717933
19956451
16683999
297274132
854304613
738279844
284779729
66630137
268406712
94025571
243406979
119000825
123917537
18601940
36376908
177817291
9637150
112954874
270612774
280368678
5376957
26798575
41541816
496537
162523238
1366104
18255649
30317625
893626027
530911092
327845793
638557995
48213843
844444351
915250408
32574544
27212632
276903416
182619642
147025895
600580113
729014314
217627228
7328864
573518781
7990274
512084463
373520237
787296838
880039696
623287914
2316605
82528
398030166
336968531
991820104
145125779
283996219
216238837
323647679
176183252
709380568
191851937
491979717
2235601
3960429
290097741
23963903
729484957
6997375
179052
1946699
261953748
5315250
1650851
7453852
31002649
60196939
14994480
52046650
246514180
22410390
31915881
1013243107
240609702
756473278
474533913
122608956
21430307
84488959
958747111
822340975
778152526
67246641
980936407
981652930
178956920
152592642
145220468
274239281
18250232
224719594
20908200
5429995
6785144
200461543
161500184
147569909
120108401
98001240
13493456
86660392
304318572
25054804
8472927
86978462
1966175
55491663
36551572
609887364
377628599
1031864047
7679075
259384634
269478442
855061711
77612874
130717557
53775030
437292579
565462209
488954775
975094852
292935554
973203577
795065668
523559
614607849
589922757
577675740
107795839
6282387
3083558
738039307
204703490
436851708
273876666
789415300
291621923
359918933
478812051
26910
295065012
53266970
256704539
49244449
174233997
294321787
909449911
5542293
881738947
479194059
1415581
327687341
927617341
921572974
19979482
696671802
384398408
4890141
315550996
861609565
55481027
843760
217644108
1016215
104631952
304117158
332477018
631896615
14531861
136940998
565859931
211011320
27447421
29499512
8513953
2468332
95372686
47942353
4432331
4910499
401114010
374978942
3887360
669680
66358672
527845
183461247
46536525
238984
127658011
69872605
252677274
171613944
137272080
1002844093
4826019
914610163
222022227
789986062
232974799
294122602
293765341
4735753
688266536
644946702
230481570
11805302
747574324
298451596
75568143
131311592
61307143
596582388
750681766
169097997
166649685
186035690
201382455
94928348
231842439
76355215
20352262
1993059
399922980
276808688
366714620
295669800
157890233
41977589
140022914
2349222
1565185
36417181
47680748
6955174
168999823
7194726
32348263
111150592
270652155
4578330
292785592
39902387
282197389
3893117
6527319
190470185
527275383
55364950
70601494
121978323
86260135
60557527
140738652
3399796
286202607
725259544
331702111
76258256
82303766
43859623
55041348
23695960
53533821
6398873
87451157
124057996
537492930
142843408
257340676
16802898
310334709
277807987
18938767
544245213
4943406
302635245
541182600
5025578
1660491
40881396
1196047
310419201
3669158
109557908
202836707
287624483
191380910
590853
22953
104726
14008227
57995
5091
2570
212261702
237203
1222795
22622862
19620249
10935835
729911056
649924548
1430618
211463165
630925932
299445506
696582837
812004976
331711779
330466903
307275460
27507070
136672303
196748377
32574032
38319968
279808237
30549851
289990693
819846295
35277302
23883547
815826538
305515525
732510280
526135128
308774545
269260344
247954300
84223
150116749
67597007
310203597
745663
226804436
339779426
158675159
1525250
245830575
34091998
62878533
114089105
646152507
108423088
106203473
23854729
334886770
25952965
1439398
122037554
200532303
230268285
13923653
537773
321979702
9772475
714985744
5618567
80662246
129148330
173419874
900717295
400958973
633695937
230480571
248758824
206421227
212000630
161249999
71175982
156548394
296531036
168108796
13421898
40777546
6054731
46913201
50994223
10244220
6947463
81389340
14578139
84020931
25693122
983036680
1036439767
873318643
910143115
944843
8123579
1022097205
757443703
32507438
240826482
1663093
778506712
16399253
29183103
35205661
87725508
977329240
982268266
49702598
640525263
836129686
25724538
726492145
284247160
641077032
207701436
303519437
81219938
880771006
8730452
186756766
565643973
488296125
205757379
830909635
177451325
79534798
332123116
406842663
11924618
340124996
48690712
2640566
217558436
893219878
183323002
744429484
512679087
476480151
364435214
803712022
319204335
340673346
179789645
1034776972
160584689
142733481
208036187
1026375556
530361387
570081093
494470587
299942835
600620259
329786380
4318326
8299777
31992350
512457
754584841
281105331
11147389
292013702
168001507
4781840
967189924
130749835
38823476
168685713
1034349646
276072
1008219169
948297178
228795223
1023662950
303078311
206532105
234216865
396222876
767684350
106830118
2664057
1034467048
199429709
13342782
134975
398099
147408572
4112729
252877514
60130532
300697239
193767789
276132
491900
135664
26448
8614
48547
1637706
652710
950985
175355
445020321
2384354
94870160
11760604
3225487
1124816
341119498
958238227
871213642
1001292925
988148047
984981175
324744690
198613821
99324005
896815726
218862096
12528419
8332159
602403
63869867
958433059
35380185
1743747
931882354
983045992
474017574
915971395
1041176245
111044754
80769842
123884951
63449560
22321672
544766823
34649652
8928720
957782644
914436781
10966552
25258753
813323713
66812536
20619998
26617829
112675682
2559439
107800754
89069135
1991503
32167038
21721524
52831986
14996114
8123310
145920875
17573057
114513535
7301421
79945286
226977823
962073544
216278613
5945358
390099
227286194
512450784
280498090
971328244
566680269
872779603
530326998
1031734858
1044097978
786439303
1044373711
875458180
939316531
40241033
919132321
923600623
1019222920
561703641
1057056
903800
1225736
884151
144968
58034659
8098645
245498267
498756516
4242500
284880293
278335910
50002857
945558490
337008299
975395308
1022030146
143599651
268971710
1403354
925935853
371022968
868370812
17650137
1005897691
691401104
427556832
632059434
689720306
389464608
208174528
906623689
193681
7897310
103075730
608687121
855192754
133330962
269619740
28858106
475121544
272645070
23025922
210378274
391372584
312389893
145348927
74320653
109192939
119119597
617215689
373670690
804915298
309980759
661247877
47697452
7242746
175053
140634318
5757622
101850854
223390631
236409712
449360622
40306850
150922508
6449149
394122732
746020291
65993432
1004957107
15496598
343570825
21187381
198888135
179665339
51367238
4115403
154881489
9674436
867235939
329901379
424969410
210999846
509776104
147600627
12662364
45012940
828899644
729585175
226208387
305430256
1467352
202407433
391682580
94838436
20750416
91517026
14917061
689802014
22191816
33056967
47910892
34907149
132144156
147067569
163280613
1970839
265044885
123571210
170258836
8314554
42337361
573183177
180205859
17338215
288709468
949051123
208004712
20283757
2085245
140010249
696152985
294888106
707743216
104400241
29363822
195135129
1251409
32121623
302514988
66576067
78960188
1382
128082007
5171963
5471863
561232887
975798763
310242712
939819886
4905613
6117173
435799
213574783
466299717
346013849
606694422
783130705
282355
269953
294286056
114002374
249584278
465699099
886963213
591291348
613474137
648910716
712617724
621218484
346025561
116776555
198879416
772288720
458714859
5278478
3633728
38102119
166842657
2538816
340056527
473885
430131888
230816594
44614589
307571836
335891521
203981669
15169206
603685968
473820159
41439584
8055781
23221768
320691776
2200876
908750461
299878200
161383555
567124620
126442011
879089800
117303636
4984064
15251604
314804204
615905586
215036639
55547
194960815
149079315
226062
4396684
1545439
210820882
995799616
312938480
165935540
163461499
4777293
6230438
125541624
108846631
2039092
167443586
21080785
695878640
885304456
138048
81935239
238490
10949973
410509
57790806
990016045
804000763
41460652
267463574
600715905
294073114
203249380
147741725
549148953
312234523
65491948
212823542
26353086
5035224
14863668
4648300
154375606
1245800
86152949
196380
41257
333265393
695623451
419077614
287964634
916150717
252309860
640843080
14238019
91550943
1032356689
9943332
19571072
239889022
52646218
241650028
74273356
2034157
39261296
351007616
489965445
818288101
19632355
20362178
38964073
3221831
2279060
62447145
273106253
66709230
178041481
338526198
654199779
47053511
161842832
180882797
198027962
199864
605626359
86573
976184707
3302457
335665
840273790
223643874
100185783
294172598
438060258
105753402
379209599
87823295
1078461
70631580
8094718
232995760
514248
69472
224318805
25633894
276046175
4476674
822766429
528567375
19902317
724732069
109956614
295750924
3576993
168949875
494392
13198757
280754
487435809
157631036
30888028
51327221
857881699
262181182
810167254
704753149
616539453
130244038
641973828
255453460
172321173
25807583
605132
349720
158871208
1317490
155116044
104567763
3178645
1445038
2081134
857293
29718325
774388564
809933
950108350
190494848
805971127
693115
178790289
554278053
209671683
8847709
80823708
2102229
93633869
121696205
178375921
213021473
2387612
73506704
5678018
78228398
39073129
11194333
91875479
4727534
355865
85867330
14527596
21305
2022871
322714856
166946153
474242325
10081612
324674722
343068328
117895843
1044004822
247390588
24672293
903949732
12395079
142067065
511214760
250426944
776198
542062749
162401981
971632042
10648109
56099933
466181580
681301886
7500264
76285777
280507824
431586762
708801130
151257199
968247175
525824751
820659952
800206498
920484526
136533257
943269277
20237774
1073376
472495500
2688819
7375200
314892
52959513
944515
230737101
420380541
2793152
587815833
1011202
46028923
46395380
153586666
97209271
11336721
131638307
49391396
40295057
92106690
17554684
22245187
5401041
330383527
153381753
7338162
612794697
3900242
369385
75484797
461983215
344348774
75215395
167840582
746147902
668303987
3947667
270189497
622986702
288490278
884819041
67016937
67065164
116540180
117611365
504060948
852202909
256311649
79129692
717357721
57518469
549167172
267966644
846728098
324190709
82613577
691420610
210705125
25944903
335247899
186085606
74013133
12393814
751286473
1022578159
10879494
35487751
433215432
1021042324
174016296
193448075
142839410
1275627
493467528
851820502
4628240
314688
60530214
855386815
44982529
332434094
811636141
7320020
204425917
47348071
288802175
12467015
35259391
22649179
222309620
57740316
39983457
262398013
9871707
241836366
266866062
274697244
40695232
4665245
2592399
14377455
24176081
865125358
126377796
329339660
22383820
14684056
162133930
17679390
81086493
430283931
1034533933
86753
314449367
1788784
391713
19500413
922
15270
292055943
183866
158596
933245785
13975353
168411810
246950239
822849079
713364415
8980578
207966177
17842164
442918863
261007064
5854106
8074695
625839963
15626641
17053777
976520302
663938973
808742
19342195
30407901
13860506
20341328
23764341
775942438
706153
272884304
17180513
875699
9629414
54646046
100211255
626621136
826487077
697678506
12201466
52932885
27741779
4382366
136658273
633888873
163078
759644272
559028
567121215
531071205
11999346
196422577
4990726
340968758
106437351
157551143
7764660
11098243
1708673
463056369
280509780
856233136
113952721
47584221
833415
101995311
8666743
18415333
11774583
151906981
303261157
3049816
3147087
9743711
44575375
215298740
89821611
260845562
925403380
112953097
363670613
6978098
274310737
143454421
557056839
175956218
923436514
25944348
208611661
51591609
338490704
283772863
24662519
225902883
74653556
105929695
128916188
71734934
182625833
79508676
904256902
4973599
209960820
1264334
1832273
3282595
21376192
28097403
153536015
8588158
11134064
138925000
98152018
31720371
8238276
8331402
325033866
8759431
930143755
88157165
114385309
122717700
810969904
375245237
561384804
119654072
330593833
715144876
1286634
12772025
338874
21859155
133589208
45725671
20020680
7837061
212666052
97707515
165361539
621363420
23616373
399166893
70961433
377736
825907111
14541179
12578427
368931695
35484758
979000363
756403582
768189499
102623191
710957587
742966072
198030897
827557600
13766735
613750941
284707859
132472901
252508083
719205
430172745
48496071
486361
8187977
17739188
79192798
83268354
116212
95531888
904751
147248048
212513409
171489064
2341072
2772749
3724563
61335574
322477472
3514469
44902409
267057751
994360009
27412161
270736593
44186339
788482306
100394504
323544817
112716404
1493315
972384526
55068288
777539260
75384959
1027135933
11524533
867039856
194867080
308745978
1094882
50813458
28931184
5196766
264807
770471422
117224
189749391
480173
187235848
295893760
313627011
3234808
237852923
195849582
385912430
856816309
988807453
812767000
875827846
523522380
82714445
517807554
158195243
46684985
319519517
515979219
839767744
954414895
257961011
44418508
36117474
946412
228708249
149514389
1434688
31315924
1770719
2836809
4852616
2484872
910841935
10557157
8881323
263796052
150608657
191734439
61811274
476749308
603616956
18494428
223543890
95668735
43112686
201889267
24957280
236125953
85834960
876887995
176930357
158685558
173190524
101563043
1007622
611645733
155849447
409350
320178765
363470984
9601457
435007260
895744723
20569629
9425838
254148204
556497129
509373783
252532381
255900
110003639
223712430
28070123
24758916
805628938
248712
331587996
57229100
852588028
35164988
830829541
192298555
987889948
207692353
278901423
625137069
97867306
980822413
939027820
554455917
555982287
475855011
26533367
235600643
119320320
24254233
9592862
47099025
295096634
53396773
5921013
317016100
260718666
129067230
17540295
86971708
204076698
12777624
424452900
86082214
413071827
118792460
16434139
272999857
7909953
4757232
604139853
2272847
83417302
517854321
7636465
100298210
5723862
88937774
238779498
81724548
682522
14871135
192009501
272644644
202706193
16976744
279774646
63824902
374143937
119771748
568250649
178780927
149345113
102589752
184062309
317709023
947311015
221696461
242057762
38827986
155937689
118426004
61864380
212819245
849547609
419323785
88453997
176526432
153277542
1021918057
544429290
11091420
272497
937456804
255759155
9611971
19552809
818649265
281135082
797481889
85239683
194494904
8994735
327017
791537740
602028387
48636730
520551255
49747645
501514
38123548
31363152
472049526
274291698
419876
159717080
782103340
23867517
124036205
633930393
149405069
811629400
635552295
86818720
225033618
609162600
919030015
62538974
47472493
33291816
639118
185878246
1993389
101852292
325943783
453136635
827331709
168523531
157675272
465097887
495973866
212893853
56637092
318059432
191569329
45940311
518884887
324570695
700913753
35145742
152201157
131699672
993518941
953372440
3941306
5871080
1913926
56457982
2042594
68297219
356156
265459607
340383341
20163421
466830441
726617962
1483778
37185433
387160661
3249008
202288884
16112727
210716691
104588680
3303854
562933074
903684352
621796158
233469006
11150457
132829477
392909973
1334797
54604642
355033
819117613
261278718
858912784
8195790
132742486
766772557
740082535
4239284
557104461
323928001
851137186
2488060
339613421
291816355
949996546
452408079
30332696
33382963
811508557
100772530
872898460
272080627
536394546
56745530
12594763
192476801
487958586
538007841
145897047
715052434
3467583
85182
196655211
135747087
995654242
175542851
930718645
69199909
334147652
48328166
225775374
139675025
77907316
15015
85639485
26502362
