630253005
217441590
324531068
525378972
9855085
732907996
311417284
331219188
733024996
99914158
348220670
842905084
861040729
303217700
314024397
921988411
18245487
962405524
747230494
599725143
229725387
535468140
186177432
1018890913
106890813
962761768
150813626
10238068
583601760
509356749
31312218
147814529
281554318
477549993
4702383
25771405
608107080
195971319
582207471
10758552
3767952
204616905
1649030
15275171
84985082
184103480
345125243
493346352
377362337
840729727
148539361
72572274
83529969
75063811
121708922
26057743
112224628
433589484
43370548
274254108
745519675
443950611
45598837
526726416
634374480
54479107
607205031
819670534
745766704
68715998
18594680
374261675
17603266
427999
10802529
2495919
83277618
23951437
99008
23477626
499979556
1006242802
14531009
8452134
2190401
28418842
387546416
833208370
79723180
289342104
118860658
455761497
80025270
56633283
220717807
100218021
183079206
893809606
916451635
338583
51239523
142105854
376046318
252088355
477423612
874777408
57577534
177656331
148696447
295766891
1023984769
923689984
995682871
144721255
824422621
318482438
62220814
212643353
838323787
133646293
163991259
1268862
158439903
62484491
4993920
15079661
18840096
20007319
251707895
70908282
14520673
177736945
19252023
68515
48421686
830729737
18780390
828682924
101312044
144263339
674905847
101768616
17949540
125999553
225675436
599232756
700166945
1448991
813082876
514745913
100605233
872453701
704831905
372284864
1023611767
317763779
947113846
71180310
1003295896
574405968
378147863
970514668
870860569
267724691
1045092454
870347005
806902456
868944511
323229422
1017492931
983995186
1031180827
278552972
21931663
433025862
69244256
830468146
297125971
1567120
32625393
8260683
80588543
1499515
14014977
557007891
42984328
37544715
10878872
3528180
16161679
234561861
334535459
690658565
306159989
734865472
808398
143717076
959200633
474568065
97125681
407692290
894482785
231916775
574078455
497618937
315596869
159142211
909658033
14168495
10958157
65914246
450856584
270614338
459880035
165028198
205615220
213880402
27494943
187357529
218972282
231255303
952988011
479162532
736535581
31524382
2903932
1039636918
93099
15768942
45210235
58902448
1596515
1207292
720006205
465748062
170389909
125673521
107935298
830659714
208894062
856187902
204544762
589397751
28393836
607601934
104274391
1031738464
100058113
314095949
33841166
96925597
300734831
157375433
1000708633
181257529
54869033
294685983
208874
808206154
434951781
346386776
318348605
114362015
53811920
3971992
90730831
117583159
759131683
523496169
140016384
814464088
4127855
141030093
330273311
141025569
519210438
12218334
11489475
301904
332291803
5501103
386529572
585034569
179321581
152330622
1410762
8096417
2563200
1912387
15820339
3412071
340854313
115975764
227572643
5807211
8834347
741954523
8965575
598007010
303013581
149052641
857073889
4360546
4141700
248657745
364635827
211214202
57054900
10474270
1271874
5415028
168577817
1662077
26842482
329497975
47640712
455103609
47650121
610746
151975382
40227169
985372132
469299879
950112145
283085216
39803673
161889696
101235941
114079
4431733
5013127
1250904
11067219
8080
9843379
175766
296466717
212103979
115769605
262829449
137360050
126224205
229861649
116667589
15534439
289986434
803215351
306049641
301211487
659305308
2570752
326827368
1016914474
650157897
101302790
144868900
191789499
306630502
2901861
1284906
1117592
421873
604286
3355313
2976616
7224630
203812859
59817373
47015086
79914886
18787329
72839776
1105887
133193843
66091788
172420066
175329014
1007031
330077030
74646028
255139970
22193024
151938620
401680665
44040834
74812477
265512045
164535085
110841279
165986000
72048439
201260905
13216015
427163013
530634273
316064975
853362763
842240038
280824897
86047590
419788
597542220
267915234
4287971
4075110
1695368
119795031
154852846
167396179
182917324
71579878
195876540
75342928
748098970
98626244
4088409
22810499
177635573
169045737
3110419
143382479
330414396
254897639
10724661
224310277
718622102
808783306
36687271
145449879
722875198
165653784
33000981
256658536
13745062
275526828
203055403
212828373
786474853
315037601
100635997
14175331
1026177298
286144691
363500906
30854947
73642105
750220798
46186
898777840
820340533
310885347
203415743
752705
615604647
914653456
161701149
307448574
758070
100593324
3802686
170379294
21505119
293374056
150171348
290287152
27604052
229083972
189894435
73374850
832671220
557836878
877313590
386388551
229235095
188836
150531328
141883869
107830230
207562750
213129041
247021914
144653644
10433576
131062004
449650788
294349719
204204863
3475759
23809013
102604802
67833616
86736060
201534775
197417397
180366523
1490694
184135136
657261
5042148
7551714
85326995
27582146
23288780
280987935
246057646
148640196
3620929
58207447
713095123
292622450
295223054
54867601
69495898
300725717
645100872
1272031
104201866
10901654
54628154
100524690
129821
21770836
8951732
68228958
62201440
993504160
325376400
511047858
84471518
83368441
7222989
465075990
431687649
86294301
163476454
760599112
177117012
849929071
776718013
790079122
779256607
49192997
19129192
549647682
64137195
542186
488287
174665
113683412
7438611
916444
11615518
359021327
71153910
356993144
193693582
1553019
31531684
92927808
892605
8534268
309863
17496611
11003317
163050041
5569696
530825820
28756589
818134
52999116
5275024
330784636
263852821
117365965
103470313
209471865
24877434
5009707
45483612
42142780
2937497
168977351
25190628
1303856
3780304
141447495
156134906
946247
350238
98756788
379822922
4910299
148901039
20474213
37394246
193
76827586
73716958
71988679
147992860
8093762
177502807
183304335
246935
218055553
82493000
14270558
966691099
20510390
146420259
912693907
72279585
177965115
3660530
290104079
35044001
90899954
19477920
67306928
30806948
71523705
20632446
436
112960
231677
131903
77480
43306
1450366
93792
82227526
3995293
44874470
498426177
47820740
127941061
46930961
137148280
148480722
140349423
51783507
872139757
169014355
302225699
295501737
724692196
189895302
156809547
191714404
20927269
806324788
158235005
241149
1904409
307878025
6994876
236807935
756513841
94059893
62770702
7861090
266123609
507582171
100941429
452163795
616233375
608024562
201255269
7784070
24701530
3168726
9171353
2787529
425094396
487285788
680852348
294273258
404005503
4011362
586624617
610077
83521467
266699199
993804178
508483203
510722982
982468828
483334986
414383394
934555144
978330265
234623066
129782199
72289880
861152533
646305321
66744839
443673852
1028303968
1078113
721073080
912889336
483165420
297478787
309217283
254048031
52204169
194132479
102435699
701700047
27359474
65573993
616183509
274772
417509118
567991422
138919568
1017358915
249653632
182013524
52019567
20772533
893883
389029920
4402819
752296552
456801519
39501651
247912373
223241674
122334299
274346177
154284396
70212237
144254278
37140970
2187115
858457342
260059154
8369031
8213430
94374
333878815
3607733
277309905
212580072
83895646
281422176
88468048
100257648
155484835
3501733
192463839
145148030
979297882
724828612
5918620
554206665
3508306
243708136
104983816
8346390
286642041
889530046
214698570
1029727456
74273356
401516640
77950120
312091971
380934755
790966846
918073219
55133446
886788037
231061439
26818520
749335891
12880867
272554495
40159516
131436871
124103716
385729871
78707508
241539717
956881543
103235250
336199885
87187738
37005923
274178536
235453550
305539146
477719007
340500205
185159987
130015497
173882084
217531017
220219942
217531854
217529170
188541770
176283428
176282091
26817929
185489836
41668056
205888279
303987779
66773667
859442713
156437546
2989896
76470623
267619916
653664336
159035117
786976585
180049703
132342426
817284193
31557379
628674135
494974323
159633601
1473782
112768256
247378462
1007301802
774856819
66734188
155744048
597495321
632244123
194988076
844058530
534121998
50246758
886573177
787491937
265494245
109186564
379547909
574896
876356704
312392578
131440780
466290561
142328315
148737351
537292359
277214524
203378125
157412212
355854389
104121812
1043339011
62388074
318179825
244892785
61772364
48929714
991640791
23784692
876354757
1019385157
212553228
321623630
265985960
927168301
948650392
54293008
668897801
376301291
762870595
1021470454
203268005
993529072
249289418
854335861
411893
32033337
248680215
327348390
1032231109
155660653
564497196
933856903
291711336
974092471
480282072
924370
927520813
31132510
854452042
156760980
30641710
664443195
717197431
471477081
555097140
229097770
58064254
260558667
666040181
855875599
329155675
946083259
2492807
18825821
940944472
6306315
29989882
624524112
7533219
112554881
150859227
11315169
75980547
144543933
24479828
115022524
137068858
108653717
219801656
134390436
5328746
9702642
13129958
23791326
827384587
231810192
197603266
464468811
318553970
713849746
526419402
195314287
202400468
1602897
4873876
206473761
3811323
51015215
801549
10743701
155238459
3145476
135493147
71266606
5258853
131155001
2307135
321561540
37523547
328163585
32705821
239919382
3804887
95031122
7081220
15927422
160549438
492226758
156742469
549111264
6082248
31758160
63617641
7734197
14479691
148501881
203937067
205015297
126176881
32503304
8139697
41691970
205000014
569972175
302229472
37608801
338521028
61996833
40207286
14098683
10661002
122819169
190764251
40038879
708971
93235392
7237132
3810097
10588665
38279848
8057671
145793763
324536
18850435
9910169
113062281
479247714
111298433
7808433
111659691
